t,vEgo,aEgo,roll,targetLateralAcceleration,steerCommand
0.0,19.286279678344727,-0.0925820991396904,0.0268391821899826,-0.1039005265440836,0.3118639442438547
0.0999999999767169,19.26213437919055,-0.1701145376727533,0.0269788424915522,-0.0806158010117816,0.30377942533180363
0.1999999999534338,19.2535602545178,-0.1299508710231042,0.0271185027931218,-0.0681937131774705,0.294857541724329
0.2999999999301508,19.23773448756716,-0.1567928961501738,0.0272581630946915,-0.056742985263426,0.2670350493753732
0.3999999999068677,19.216588325660386,-0.1636377557604953,0.0271406280663982,-0.0453897821105024,0.25036263150776356
0.4999999998835847,19.210007120755503,-0.1011119269974262,0.0268644652978003,-0.034440555466387,0.24903746259016646
0.5999999998603016,19.200568225086407,-0.090966226553337,0.0265734412147305,0.0050114641732256,0.24529627116369465
0.6999999998370185,19.206176796902927,0.0081885891519645,0.0261712172876868,0.0262158487924667,0.24146759343964083
0.7999999998137355,19.19180294883332,-0.1185943138770194,0.0257689933606432,0.0243417908672677,0.23672951063642064
0.8999999997904524,19.190772830529603,-0.0249512631496874,0.0255482509117793,0.0278160854413519,0.23206116696303802
0.9999999997671694,19.18830581943527,-0.0405625124651534,0.0254425100343434,0.0325519578412589,0.22793981981351508
1.0999999997438863,19.1787535158292,-0.0613041967811637,0.0253303939047209,0.0386206432159406,0.22484216021194253
1.1999999997206032,19.164585380879224,-0.1018936053645925,0.0251671476364609,0.0440958938662467,0.22229416035524505
1.2999999996973202,19.156607151564,-0.0789432104294342,0.0250039013682009,0.0487128756931839,0.21464426798267405
1.399999999674037,19.141743822321807,-0.1244798795974624,0.0250251158718818,0.0536305999553882,0.20966017823814254
1.499999999650754,19.128253647539488,-0.1121859576442986,0.0251626377837112,0.0588552873563649,0.20966952067228467
1.599999999627471,19.11999013804937,-0.0846099901670889,0.0252685441264828,0.0713698428099753,0.20372778337789016
1.699999999604188,19.10398100421699,-0.111243438802539,0.0251231573928927,0.0774555083568014,0.202356360892233
1.7999999995809048,19.10273014207196,-0.0441835464833308,0.0249777706593026,0.0760210948717809,0.20137717572771183
1.8999999995576216,19.090531572214875,-0.0792357674350881,0.0246190902111682,0.0814160654152404,0.20062293917099747
1.9999999995343387,19.086925673113928,-0.0366000337929485,0.0241293823232336,0.0786719989938875,0.20081571736127218
2.099999999511056,19.084350742676413,-0.026876034064558,0.0236921537945631,0.0758533560596614,0.20137407640344085
2.1999999994877726,19.071151883182807,-0.0665114180222741,0.0235947789695093,0.0760755260732077,0.20193183783693397
2.299999999464489,19.06843535738092,-0.0279593880835789,0.0234974041444555,0.074844516868057,0.20163131018809555
2.3999999994412065,19.041593740093177,-0.1528019645714609,0.0234381903224955,0.073541834747624,0.20160662916680896
2.4999999994179234,19.03685231313939,-0.0763587511134947,0.0234033166720471,0.0723888176337613,0.2021747301918381
2.5999999993946403,19.02945368467712,-0.0639472280793337,0.0233733233273217,0.0725723224453366,0.20301731114956265
2.6999999993713573,19.025617121511058,-0.0245179413483158,0.0233813336956744,0.07270330292471,0.20245844839729618
2.799999999348074,19.033023109444255,0.0497279858002263,0.0233893440640271,0.0719058527638342,0.20294204766740492
2.899999999324791,19.0376999341354,0.0488860823443617,0.0233892109734006,0.0706307692360308,0.2063308712770983
2.999999999301508,19.049948400825023,0.0921187959018899,0.0233838187191861,0.0713597745878777,0.2116852956619984
3.099999999278225,19.032861155963,-0.0538635078562058,0.0234332925573463,0.071195079742671,0.2140795697522109
3.199999999254942,19.03898000254775,0.0393605083494231,0.0239153274470389,0.0708493750707138,0.21925361718905534
3.299999999231659,19.0373810368217,0.0277852067503371,0.0243973623367315,0.0676012105774073,0.22827031174442172
3.399999999208376,19.02193943702996,-0.1110883744994535,0.0253234578460181,0.0731786180164108,0.22540594949515078
3.4999999991850927,19.02011187869721,-0.0378555085761426,0.0265326711153241,0.0773221458692388,0.22847874609771668
3.5999999991618097,19.014858079415927,-0.0573169382293444,0.0275954080892535,0.07429078096363,0.23126220504214232
3.699999999138527,19.0070828386137,-0.0615303991232729,0.0275477622740459,0.0781430196378434,0.2290902678647864
3.799999999115244,19.000913399705684,-0.0617469707997945,0.0275001164588382,0.0731094333025931,0.23114304553709072
3.899999999091961,18.995711303752323,-0.0433283233393982,0.027087509723054,0.0649222999829853,0.23228862058631264
3.999999999068677,18.991382625232298,-0.0377748448094778,0.0264658633317861,0.0620949928206245,0.24465661564149319
4.099999999045394,18.989499627559407,-0.0238600615358012,0.0259411776717533,0.0538869711949214,0.2654147859850253
4.199999999022111,18.975781883743316,-0.1105143433320346,0.0261527868893146,0.0543097382409511,0.27450637716048876
4.299999998998828,18.96546452312348,-0.1027118124575253,0.026364396106876,0.0379018379067497,0.28364553521326374
4.399999998975545,18.96196822517991,-0.0704636109504121,0.0268291682369116,0.0112622036021657,0.2919328499439867
4.499999998952262,18.94840997488586,-0.1093815030248817,0.0274363508035672,0.0035699323446483,0.31082834443192525
4.599999998928979,18.94030201815126,-0.1099326564110321,0.0281022416867646,-0.0036751982094642,0.3167088361046214
4.699999998905696,18.936198423368623,-0.083106915764923,0.0292257186579636,-0.0051937195824193,0.32560239990835743
4.799999998882413,18.930673041820956,-0.0932745676938548,0.0303491956291626,-0.0228819032488154,0.3465033728103349
4.89999999885913,18.922222987261318,-0.1004736105290884,0.031149554958403,-0.0239551768298283,0.3508405508046684
4.999999998835847,18.92644248681417,-0.0298958504335415,0.0317710199479312,-0.0314891106820502,0.3594924320871624
5.099999998812564,18.922691503059788,-0.0515931433812375,0.0322512021089067,-0.058863578325728,0.37476405742310653
5.199999998789281,18.92277070785036,-0.0324047322696523,0.0316297243316011,-0.071646747921293,0.378571488744632
5.299999998765998,18.923227798495518,-0.0327262741337832,0.0310082465542954,-0.0911154281268859,0.37428152081901295
5.3999999987427145,18.91826066242521,-0.0554675872250854,0.0301108024467919,-0.1235752122888071,0.3749370016235625
5.499999998719432,18.925775876164863,0.0107979547654643,0.0290435662002231,-0.1400250230279578,0.3738662522272989
5.599999998696148,18.926747020005728,0.0049088171993563,0.0280879124001052,-0.1427249914808183,0.3785984474686119
5.699999998672865,18.922365258064627,-0.0311987747983216,0.0279547951645281,-0.1450169217339825,0.37750731119315
5.799999998649582,18.92638707960608,-0.0224456456975601,0.0278216779289511,-0.1446870507314353,0.3790146390313995
5.899999998626299,18.913744066093894,-0.0925229799119781,0.0283623414555404,-0.1466548010673862,0.3706363958035919
5.999999998603016,18.91084563735448,-0.0747349072631441,0.0293192695424912,-0.1355497596426771,0.3579637510061165
6.099999998579733,18.882804088386177,-0.1794569894990044,0.0301707712079749,-0.1293324510692763,0.3403068907725891
6.19999999855645,18.903039289386506,0.032554982001341,0.0303636186601359,-0.1145654376217658,0.26015923250375156
6.299999998533167,18.907943735767184,0.0725316396485672,0.0305564661122968,-0.0930698355127851,0.22556476649052748
6.399999998509884,18.903917086615348,0.0928141772627315,0.0306959513908373,-0.0644447539251514,0.22476280710044208
6.499999998486601,18.92259041163632,0.2228614315418902,0.0308020426506821,0.0583374294420217,0.2212640309153411
6.599999998463318,18.905104355414583,0.0201006664310417,0.0307760732381322,0.110010051613103,0.22098376164418257
6.699999998440035,18.91994369689396,0.1170641873123074,0.0297638511974354,0.1012170992701284,0.22165924519882893
6.799999998416752,18.912593468430007,0.0298999042089106,0.0287516291567386,0.0965447134583027,0.2206622352517203
6.899999998393469,18.92405497120396,0.0884234434525041,0.0282741478651961,0.0922314720809402,0.2176435213990512
6.9999999983701855,18.924000806468616,0.0520429631307469,0.0281318207614394,0.0898281997442282,0.2152655094600647
7.099999998346902,18.929993608082825,0.0864819287210988,0.0279460516750581,0.0894683727113687,0.21663737008713285
7.199999998323619,18.922650162808218,0.0093551942877062,0.0274749356331744,0.0893818767574275,0.21323077215534497
7.299999998300336,18.919789957752787,0.0132154885999458,0.0270038195912908,0.0883184306676643,0.20952481623983285
7.399999998277053,18.917907768317665,0.0217321937945716,0.0263374282223939,0.079746807493848,0.21036979145002108
7.49999999825377,18.92163639249286,0.0534519886606915,0.0255591202902763,0.0771746696536661,0.2105657645968908
7.599999998230487,18.924961228623268,0.0664520306412564,0.024892258818318,0.0761398065842704,0.21133035798092856
7.699999998207204,18.932364069875675,0.081338618307333,0.0250099948130982,0.0760063387308196,0.2131158688380103
7.799999998183921,18.927421803447317,0.0462327942728301,0.0251277308078783,0.0768893042648635,0.22264926872651558
7.899999998160638,18.925172201961225,0.0036424212752267,0.0255418152647626,0.0798208417110807,0.22809083043293438
7.999999998137355,18.91475706358649,-0.0500135432238718,0.0261447985936287,0.083117811943542,0.250425527945301
8.099999998114072,18.90817970395277,-0.0395389998859496,0.0266359356871854,0.0737500580603324,0.26671150112628017
8.199999998090789,18.916120600060225,0.0540949500034566,0.0262566809184915,0.061871905119674,0.28693095614198394
8.299999998067506,18.927016235804544,0.1111009930169544,0.0258774261497976,0.024654078737733,0.2914509607895813
8.399999998044223,18.947295848512287,0.178398365672932,0.0251331781845693,-0.0072480846185855,0.30350074834388685
8.49999999802094,18.953078195544467,0.1030327776063499,0.0241266653804056,-0.0477100825895957,0.30544410357485663
8.599999997997656,18.971271389540004,0.1501346893789071,0.0233041058260926,-0.0627352342537205,0.3075164474920978
8.699999997974373,18.98579956922452,0.1530092393285575,0.023899678370539,-0.075297650392253,0.31046641210302833
8.79999999795109,18.980648826061294,0.0186345125452826,0.0244952509149855,-0.0723859057191323,0.321492453812223
8.899999997927807,18.981780488042208,0.003750436844544,0.0252211537216616,-0.068432183284247,0.3230216717401248
8.999999997904524,18.98247878822129,0.0200337492299985,0.0260304564301531,-0.0649988893432713,0.3290208213525452
9.09999999788124,18.98777478623358,0.0142677812300742,0.0267822511114419,-0.0745102932115121,0.334378814014658
9.199999997857958,18.9912631585246,0.0329485776264367,0.0271047864764119,-0.0737112259322271,0.3325671837149853
9.299999997834677,19.00794880754616,0.0896921993502206,0.0274273218413819,-0.0798565957657154,0.334221598609388
9.399999997811392,19.006263794958464,0.0180662136838927,0.0278380945089558,-0.0840462410581103,0.3307272599270183
9.499999997788109,19.017043138872587,0.0384849953178305,0.0283046612601057,-0.0767620501875976,0.32419855747949466
9.599999997764826,19.02689392118855,0.0442084141813519,0.0286135654197997,-0.0763446311265518,0.31915342358259663
9.699999997741545,19.03559077995524,0.0370182296567594,0.0277691596094758,-0.0793152184112708,0.313883979072239
9.79999999771826,19.043068891843188,0.0321320538789318,0.026924753799152,-0.0776273790059652,0.30855984755567045
9.899999997694977,19.04932727059563,0.0333342079240146,0.026236561946204,-0.0766880451811441,0.3015582523783414
9.999999997671694,19.058757942006608,0.0416392153218798,0.0256489249449097,-0.0744504944578626,
10.09999999764841,19.061154010652977,0.0051578900873517,0.0251467744097051,-0.0712560671132184,
10.199999997625127,19.07206531729589,0.0470351573701356,0.0251862309349123,-0.0602584843590747,
10.299999997601844,19.074745862579505,0.00412842109486,0.0252256874601195,-0.0489180795673643,
10.39999999757856,19.09241475590132,0.1091416686487891,0.0251612267562509,-0.0274492652170422,
10.499999997555278,19.100340973474683,0.0613871264083435,0.0250324008153871,-0.0221684225491923,
10.599999997531995,19.112857503318303,0.1303110797590561,0.0248295398008947,-0.0055886872852608,
10.699999997508712,19.10369166327736,-0.0418919356053836,0.0240917885436029,0.0209291928745461,
10.799999997485427,19.108361473195917,0.0396510686080913,0.023354037286311,0.0406911540369701,
10.899999997462146,19.11908180235375,0.0733285718167248,0.0230109432501534,0.0659821281463372,
10.999999997438865,19.12307457457316,0.0257612936837524,0.022912835460696,0.0773122133842938,
11.09999999741558,19.13485943093016,0.0958282610488081,0.0228639669232499,0.1073010514994953,
11.199999997392297,19.13333072011028,0.0307190838757584,0.0231876097567789,0.1182279234966994,
11.299999997369014,19.1413359186314,0.0541975109888618,0.0235112525903078,0.1327160294837616,
11.39999999734573,19.14340655762212,0.0297881308740856,0.0233822203176258,0.1392204703763589,
11.499999997322448,19.14409595567824,0.007806995624833,0.0229880444107141,0.1440295789834552,
11.599999997299165,19.145614658400778,0.0274056824335489,0.0226483177678126,0.1653469505007835,
11.69999999727588,19.15454673555439,0.0540022456656727,0.0227431930953547,0.1704812983514192,
11.799999997252598,19.16484150821837,0.1035581220981366,0.0228380684228967,0.1840817365851553,
11.899999997229315,19.1684081710919,0.0658816042020579,0.0227110993274997,0.2019745644778444,
11.999999997206032,19.17523720714436,0.0857488876001534,0.0224421147643447,0.2074276604408398,
12.09999999718275,19.177103002141116,0.0483493885058477,0.0221966999819941,0.2111121829497495,
12.199999997159466,19.18562496685168,0.0795158639986882,0.0221229006536911,0.2341885766147173,
12.299999997136185,19.190492763699744,0.0656566357891762,0.0220491013253881,0.2400625547565329,
12.3999999971129,19.201135899818308,0.1183626871557224,0.0217218898840511,0.2570498992660659,
12.499999997089615,19.20526620060465,0.07213673828112,0.0212344227827094,0.2606228348543493,
12.599999997066334,19.20922621897889,0.0755444373883317,0.0207702125179949,0.2700072494210083,
12.69999999704305,19.21385525020603,0.0663469438035973,0.0204860957364661,0.2670632887043628,
12.799999997019768,19.213092684147707,0.0356311696336763,0.0202019789549373,0.271276067184879,
12.899999996996485,19.210529232542545,0.0283853443704385,0.0200249082841209,0.2765273543064261,
12.999999996973202,19.209344233291517,0.0218764004141246,0.0199160614198345,0.2757143892375592,
13.09999999694992,19.217513910232466,0.0621269405082246,0.0198534298565838,0.2763959783448005,
13.199999996926636,19.213808187808095,0.0096626810283669,0.0201348726033967,0.2784437292889851,
13.299999996903352,19.21228843105253,0.0154854874027167,0.0204163153502095,0.2803825157646597,
13.39999999688007,19.207963582203934,0.0020733789792754,0.0204077182982978,0.2806862833779363,
13.499999996856786,19.223222857194106,0.1174687006555076,0.0202214360148504,0.2824533854922519,
13.599999996833503,19.19026039076056,-0.1890715322801802,0.0201633508923676,0.2834773895283193,
13.69999999681022,19.211909907744445,0.1224889450712525,0.0208908433077844,0.284352628143477,
13.799999996786935,19.21402403267448,0.0661056039476715,0.0216183357232012,0.2813184638796787,
13.899999996763654,19.187074114064163,-0.1096107909431642,0.0226254010787739,0.2879108421460821,
13.999999996740373,19.17833787112176,-0.0666910491147446,0.0237922614777103,0.2871309426211497,
14.099999996717088,19.16571520101389,-0.0736326097340661,0.0248412937045036,0.2868097832818613,
14.199999996693805,19.16736999197637,0.0123700531400674,0.0251179029634424,0.2854229718047964,
14.299999996670522,19.163186376598293,0.0058214874998872,0.0253945122223812,0.2470727059783725,
14.39999999664724,19.163804055199368,0.0364008079131122,0.0253906144500413,0.1838856835137422,
14.499999996623956,19.16503237780518,0.047956485694974,0.0252258767770061,0.1665242140776058,
14.599999996600673,19.17276708298215,0.0804755439921326,0.0250408928808157,0.129970287252846,
14.69999999657739,19.16133318954009,-0.0172771012670255,0.0247133021022758,0.0662444097393098,
14.799999996554106,19.16724352844523,0.0508327460191488,0.0243857113237359,0.0588277130728068,
14.899999996530823,19.1718274307376,0.0739143397929804,0.0240469531456827,0.0336221258358484,
14.99999999650754,19.176301714054773,0.068908348379085,0.0237011778335162,0.0083817772293497,
15.099999996484256,19.188993452895907,0.1183435574851135,0.0233751495042867,0.0011910725485646,
15.199999996460974,19.19183577593173,0.0635184946875552,0.0231962369031859,0.00061111885427,
15.299999996437691,19.206162810337148,0.124077439970187,0.0230173243020852,-0.0049816903240932,
15.399999996414408,19.21074307323469,0.0783986457776819,0.0228474930561713,-0.0112098698765757,
15.499999996391123,19.218439737753062,0.0915609325011919,0.0226833180699379,-0.0124849391208501,
15.599999996367842,19.228512260201864,0.112244718800487,0.0225618019498012,-0.0141712964516383,
15.69999999634456,19.24451102562762,0.1529731755977727,0.0227603458250444,-0.0145894615188133,
15.799999996321276,19.26215069202155,0.1726509908673643,0.0229588897002877,-0.0130127177705515,
15.899999996297993,19.28065716395923,0.1891670401976478,0.0229267792126126,-0.0140691792521607,
15.99999999627471,19.30466405194077,0.2279088945385704,0.022752465914438,-0.0154816705825053,
16.099999996251427,19.32212743555532,0.1856532834427597,0.0225967865745269,-0.0107919469195595,
16.199999996228144,19.339804673382343,0.2132275388370406,0.0225824491779317,-0.0120173877181373,
16.29999999620486,19.35983706956215,0.2212669675138267,0.0225681117813364,-0.0134588214937946,
16.399999996181577,19.395820851186425,0.3258894581132628,0.0231197544896944,-0.0060762258641793,
16.499999996158294,19.41748896726008,0.2819580783066584,0.0239978615414839,-0.0040905434063979,
16.59999999613501,19.43385116127776,0.2182966693777069,0.0248155462995408,0.0029293814430729,
16.69999999611173,19.458757597535676,0.2589819928402192,0.0251613443552819,0.0172746639055912,
16.799999996088445,19.470970487152723,0.1617945114764347,0.0255071424110229,0.0167675297975025,
16.899999996065162,19.489457286233904,0.2021831404477343,0.0256421782211045,0.0134364486154862,
16.99999999604188,19.50910263825342,0.2281717570356629,0.0256437952401178,0.0102428755241151,
17.099999996018596,19.52826620430469,0.2186296885161383,0.0256948647124051,0.0145146614219566,
17.199999995995313,19.5520216744319,0.2592553134647776,0.0261263602321065,0.0316802091860475,
17.29999999597203,19.573398729689707,0.2489294352746043,0.0265578557518079,0.0327541188535147,
17.399999995948747,19.589186436884702,0.2133660575348586,0.0265910744401717,0.0387247761522824,
17.499999995925464,19.6068176687441,0.2172928333859091,0.0263754301916542,0.0429185098904518,
17.59999999590218,19.63191513144762,0.2674795227124295,0.0261295438310874,0.0462938073386726,
17.699999995878898,19.65174514697753,0.2353976896300536,0.0256576974090433,0.0614708696032736,
17.799999995855615,19.674679812304205,0.261222216573391,0.0251858509869991,0.0960345780924608,
17.89999999583233,19.694678301735472,0.240509436094295,0.0252116459033092,0.1503204359086222,
17.99999999580905,19.7142908747002,0.2497224040116291,0.0255509475171296,0.1505388976891135,
18.099999995785765,19.72481053940239,0.1818010882095922,0.0258145885190654,0.156737878097782,
18.19999999576248,19.75508950533076,0.2807010920453016,0.0255204968010602,0.156247508416794,
18.2999999957392,19.77904064798364,0.2699998268990984,0.025226405083055,0.1547112205017235,
18.39999999571592,19.79336822705253,0.1970904112579854,0.024743917392644,0.1642421841919435,
18.499999995692637,19.81172082640709,0.2259388020730205,0.024139632663754,0.1726261875252997,
18.59999999566935,19.82885396034373,0.1974745232732858,0.02358303903906,0.1711993676507644,
18.699999995646067,19.848948825163344,0.2046225970666451,0.023377269930903,0.1700454839045295,
18.799999995622784,19.868301074015516,0.1899494642309964,0.0231715008227459,0.1704051648241595,
18.8999999955995,19.90421934342257,0.3040905927559874,0.0234969361016531,0.1736308560858665,
18.999999995576218,19.93024189803224,0.267832697481291,0.024154663219054,0.1759074991751193,
19.09999999555293,19.955815194966817,0.2481148522411157,0.0246938627861687,0.1791431261280714,
19.19999999552965,19.9876138190151,0.2858507144076913,0.0243165686952712,0.1810810650432411,
19.29999999550637,20.01397242629403,0.2507427161959039,0.0239392746043737,0.1804980437702413,
19.39999999548309,20.04066507375152,0.2532944249742901,0.0235921068283437,0.1776552166465901,
19.4999999954598,20.066930631744796,0.2390188364521338,0.023263912235897,0.1697619488561616,
19.59999999543652,20.09000818218456,0.2256086279582847,0.0229051532397988,0.1606833716364984,
19.69999999541324,20.117340444937472,0.2453528992084892,0.0223041197122536,0.152944087288036,
19.799999995389957,20.13877003796904,0.2035223850901031,0.0217030861847083,0.133436992306954,
19.89999999536667,20.162547818510813,0.1999222347463869,0.0211490551104834,0.1257795744061968,
19.999999995343387,20.17771966765609,0.1489078313021828,0.020624644430527,0.1051627764689882,
20.099999995320104,20.20780416729468,0.2388282633326914,0.0201248909519318,0.0928978885429746,
20.19999999529682,20.223740764811662,0.1648010182575155,0.0198100429275109,0.0856659769370791,
20.299999995273534,20.244698607688115,0.1800058800179402,0.01949519490309,0.070370664568584,
20.39999999525025,20.26150408094,0.1645227456943617,0.0195581042016992,0.0648304811401026,
20.49999999522697,20.292640214826456,0.25892045433907,0.0198386550200819,0.059399624132403,
20.59999999520369,20.298945146197976,0.1545462481650046,0.0201442753545099,0.0567053954731892,
20.69999999518041,20.320655341967864,0.2091959437256756,0.0206545159886729,0.0580153835651688,
20.799999995157123,20.33738154683898,0.2140692086652424,0.0211647566228359,0.0520818700304044,
20.89999999513384,20.3638412667595,0.2669670038662795,0.0217108756839074,0.0294145314712307,
20.99999999511056,20.382563466339995,0.2400683943003133,0.0222799358054575,0.0327928371219142,
21.099999995087277,20.40682439741981,0.2509871624592364,0.0228169124209632,0.0354730070524567,
21.19999999506399,20.4150704616022,0.1634325917640758,0.0230977772712905,0.0302761801084555,
21.299999995040707,20.418479100510314,0.1106861896392821,0.0233786421216179,0.0250207663977562,
21.399999995017424,20.43477250294346,0.1375072838846385,0.0238994388891161,0.0132020949155201,
21.49999999499414,20.446007067950973,0.1151652195708195,0.0245726906808211,-0.0027199526567724,
21.599999994970855,20.44966254289465,0.0404306481544048,0.0252066904093452,-0.0007121590840902,
21.69999999494757,20.474411266202356,0.155503433201801,0.0255360509843706,-0.0148209966086616,
21.79999999492429,20.494118565797564,0.1482059851405843,0.025865411559396,-0.0304637707581752,
21.89999999490101,20.504665994062183,0.1122050286982394,0.0265798683387956,-0.0267116532189342,
21.99999999487773,20.511145464168333,0.0771829192352917,0.0275348816417675,-0.0234260474480638,
22.099999994854443,20.52451946013753,0.1158865187632771,0.0284318343751302,-0.0209093624470654,
22.19999999483116,20.529181346455776,0.0839356288830433,0.0288875385827196,-0.035657746844041,
22.29999999480788,20.539622985634026,0.0868569478865606,0.029343242790309,-0.0462326588598228,
22.399999994784597,20.550858442590503,0.1213088517622667,0.0293671291460864,-0.0462656393933815,
22.49999999476131,20.561885303950607,0.1348382495306354,0.0291258850457588,-0.045109009625293,
22.599999994738027,20.56606528373608,0.1019871481856201,0.0288473305036155,-0.0515943421802724,
22.699999994714744,20.54607428366142,-0.0659211655677481,0.0282927556999719,-0.0525058833343152,
22.79999999469146,20.536044820318995,-0.07444978799468,0.0277381808963283,-0.0627346667541061,
22.89999999466818,20.53215329158089,-0.057488925297286,0.0271868106209032,-0.0637902643457531,
22.99999999464489,20.52751901233836,-0.0455628114258774,0.0266374306715114,-0.0591996614748784,
23.09999999462161,20.530706308722657,-0.0214577920124651,0.0261271383993155,-0.0609583170861811,
23.19999999459833,20.535079233500262,-0.0005745591236823,0.0259118051402764,-0.0623827869017101,
23.29999999457505,20.53960034669835,-0.0019808253245141,0.0256964718812373,-0.0635538261861161,
23.399999994551763,20.535225595259867,-0.049119229299732,0.0255881834187564,-0.0628919855791324,
23.49999999452848,20.526138819209397,-0.0976519229461952,0.0255471492488903,-0.0617662750627238,
23.5999999945052,20.522189084315198,-0.0749175766746349,0.0255334858147728,-0.0551053885369947,
23.699999994481917,20.520241257299883,-0.0485844333847136,0.0257236785595381,-0.0482164091986647,
23.79999999445863,20.52263666694687,-0.0112994295037773,0.0259138713043033,-0.0469313692653833,
23.899999994435348,20.525554891275856,0.0181697352732926,0.0263476821146041,-0.038641631022546,
23.999999994412065,20.50802957438698,-0.0746556200987369,0.0269348383202692,-0.0168904402718238,
24.09999999438878,20.50721748437776,-0.0288111398313566,0.0274539190393622,-0.0087016423383325,
24.1999999943655,20.512888517588333,0.0535698602003262,0.0274696259147246,-0.0018249742205348,
24.299999994342212,20.509998335312844,0.0074804814545569,0.027485332790087,0.0052647800327331,
24.39999999431893,20.510434802122337,0.0162283134069373,0.027643106874354,0.0109240361451015,
24.49999999429565,20.49960429694394,-0.0680584871157104,0.0278829783692988,0.0107410606651469,
24.59999999427237,20.498550019838355,-0.0372829231526909,0.0280092579280281,0.0240104874070778,
24.699999994249083,20.47794693970944,-0.1483004148619924,0.027273908126041,0.0281416095151491,
24.7999999942258,20.46719539272988,-0.1416435408206961,0.0265385583240539,0.0304896015315792,
24.89999999420252,20.464400551231456,-0.0729202274447277,0.0261554157382349,0.0394845396240843,
24.999999994179237,20.462119015011016,-0.063587494817222,0.0260010512167581,0.0508451078100222,
25.09999999415595,20.454252761807677,-0.1010833483198634,0.0259016026787639,0.0573290456619906,
25.199999994132668,20.45219234966274,-0.0831001996048343,0.0262163392256376,0.0717378653474013,
25.299999994109385,20.44815502981444,-0.0639505336300519,0.0265310757725112,0.0732639954699293,
25.3999999940861,20.43071576964577,-0.1371007555189575,0.0268481028870611,0.0743934490312132,
25.49999999406282,20.428873916696244,-0.0506465311342637,0.0271664017747794,0.0811735168829957,
25.599999994039536,20.4175083019836,-0.0838440211201892,0.027443089325692,0.0821599620339875,
25.69999999401625,20.411097400802756,-0.0506274930593814,0.027401555274045,0.0826456588782957,
25.79999999399297,20.398694061276625,-0.0813522961787331,0.027360021222398,0.0821596750993168,
25.899999993969686,20.39670676991968,-0.0399968367229686,0.0270987075498932,0.0804858533124641,
25.999999993946403,20.39102507353659,-0.0329791926498193,0.0267012964692049,0.0724629304471416,
26.09999999392312,20.37353894458162,-0.1199027505166722,0.0263227631110029,0.069622562330053,
26.19999999389984,20.35553532752324,-0.1510431978376589,0.0260607646566303,0.0599485416588168,
26.299999993876558,20.335107910988185,-0.1894148733933979,0.0257987662022577,0.0589092682615982,
26.39999999385327,20.317319472554363,-0.173082308231633,0.0259090150915554,0.060507140226972,
26.499999993829988,20.30492379859416,-0.1303106907805136,0.0262542151455634,0.0615948061923906,
26.599999993806705,20.29672883159073,-0.0983309616620695,0.026571742352585,0.0615086167459776,
26.699999993783425,20.29278813829902,-0.0691610710424528,0.0266644822912552,0.0517489978113313,
26.79999999376014,20.26187422186849,-0.2797905393725945,0.0267572222299254,0.0468874089957448,
26.899999993736856,20.252623037948855,-0.177570364540739,0.0265300217758063,0.0384222648305903,
26.999999993713573,20.25882440646886,-0.0473831389034629,0.0261007812066643,0.023092456189863,
27.09999999369029,20.23303403049193,-0.2180232258205204,0.0257704520860319,0.0075813192120472,
27.199999993667006,20.22175281478011,-0.1469533685294097,0.0261558712159656,0.0009110430987147,
27.299999993643723,20.203750613098,-0.1901510657055262,0.0265412903458992,-0.0047331893993411,
27.39999999362044,20.19552056064947,-0.1323642199200632,0.0266342657852003,-0.0066000180337821,
27.49999999359716,20.17836444673407,-0.1400352055996725,0.0265424870495714,-0.0500919043478238,
27.599999993573874,20.154941701869745,-0.1875892766542015,0.0264553550786117,-0.0756760893786154,
27.69999999355059,20.14730058590621,-0.1031678747560908,0.0264012338515356,-0.0837689949225374,
27.799999993527308,20.14548404276075,-0.038953027613352,0.0263471126244596,-0.0905728417724401,
27.899999993504025,20.135099202307632,-0.0756144937077534,0.0262289721638418,-0.0896050930347135,
27.999999993480746,20.122836181594675,-0.0762243602668715,0.026070662617036,-0.0886628442013474,
28.09999999345746,20.11180149544631,-0.0868597127033548,0.02599598091404,-0.0950038573270843,
28.199999993434176,20.10835400323482,-0.0374402088002426,0.0265434723050803,-0.0868505534102195,
28.299999993410893,20.093489875395687,-0.1005807318978059,0.0270909636961205,-0.0846262048314455,
28.39999999338761,20.086701850858184,-0.06566861426741,0.0275711116504616,-0.081903844008429,
28.499999993364327,20.075993242035548,-0.0880700295192542,0.028008911152886,-0.0781736597907582,
28.599999993341044,20.06664760200293,-0.0977279535774749,0.0284019417841961,-0.0761596336437263,
28.69999999331776,20.0555797516462,-0.1113138863504029,0.028451633970369,-0.0764142641384446,
28.79999999329448,20.052321412842137,-0.0628614454667274,0.028501326156542,-0.0764211343677246,
28.899999993271194,20.04031103949737,-0.107334253920881,0.0283535445749824,-0.0695435392028356,
28.99999999324791,20.036604506500307,-0.056154049448673,0.0280812602410436,-0.0640191030013017,
29.09999999322463,20.027218199869104,-0.0863897422173111,0.0278374694043829,-0.0666514932307782,
29.199999993201345,20.02727720361337,-0.0443043246479502,0.0278189494484474,-0.0555907055428138,
29.299999993178066,20.01395432262077,-0.1250707889466873,0.027800429492512,-0.0497444464205638,
29.39999999315478,20.01405955984289,-0.0614814943011978,0.0276648887599871,-0.0440195862099188,
29.499999993131496,20.011982112709948,-0.0556951694212605,0.0274544607902581,-0.0329375680228636,
29.599999993108213,20.01482050709057,-0.0109118116253018,0.0271850741087777,-0.0356379477247879,
29.69999999308493,20.007831414859297,-0.0877062316084627,0.0264489069958234,-0.0058127711515943,
29.799999993061647,20.001862921761735,-0.0598479761630921,0.0257127398828692,0.0283788666539602,
29.899999993038364,20.00548267799694,-0.0037717130003083,0.0252019969060325,0.0309510612211449,
29.99999999301508,20.02105308504125,0.0990825264539546,0.024834135087935,0.0482522357678763,
30.0999999929918,20.00557732096296,-0.0605348762773892,0.0246316347078448,0.0647556734352542,
30.199999992968515,20.01008690369033,0.0125538059086134,0.0254820548129417,0.0782450241785706,
30.29999999294523,20.01103171067092,0.0178249785515244,0.0263324749180386,0.0879717273773989,
30.39999999292195,20.00730894973179,-0.010049302119692,0.0265886180315973,0.1026200675046378,
30.499999992898665,19.99678099057501,-0.0636323399542699,0.0264965086774759,0.1017281711153265,
30.599999992875382,19.99887396364267,0.004033101940828,0.0263944852355888,0.0994296445600818,
30.6999999928521,20.0063609169164,0.0671282892456872,0.0262148459526664,0.0972470713250946,
30.799999992828816,20.004485396092345,0.0300060367887821,0.0260352066697439,0.0957723649605202,
30.899999992805533,20.013169939765824,0.0777661565659263,0.0257934290919829,0.0941185584533011,
30.99999999278225,20.01206335779613,0.0269318539403051,0.0255154017875766,0.0913329234255745,
31.099999992758967,20.025237046723383,0.0915075743569912,0.0252733822734349,0.0901967649732192,
31.199999992735684,20.028394884487994,0.0698495077274865,0.025248023223949,0.0887576088573952,
31.2999999927124,20.034237496916084,0.0762089551696586,0.0252226641744631,0.0880428563207218,
31.39999999268912,20.03802231654008,0.0546369463606906,0.0251797200615986,0.0870819082933774,
31.499999992665835,20.03928913816147,0.0429427283449067,0.0251254283527941,0.0863957604218942,
31.59999999264255,20.045371134495223,0.0581655184305351,0.0250556297644871,0.086032992008368,
31.69999999261927,20.04854718263039,0.0512783362360216,0.0248686734659375,0.0848582450106498,
31.799999992595986,20.053422549827285,0.0523408821906078,0.0246817171673879,0.0847507514391868,
31.899999992572702,20.058112429697815,0.0478600947694504,0.0246224915907455,0.0769738832725965,
31.99999999254942,20.063061343734145,0.0393221643173652,0.0246457096977645,0.0698868366145463,
32.099999992526136,20.06438116226772,0.0027574742319492,0.0246762745379618,0.070643846692607,
32.19999999250285,20.07126823930969,0.0353044279014861,0.0247631871475901,0.0655969735301665,
32.29999999247957,20.07236183126338,0.0213848238209425,0.0248500997572184,0.0527863143487773,
32.39999999245629,20.07853038056246,0.0195472847355194,0.0249774847415059,0.0482718570783012,
32.499999992433004,20.06497130470281,-0.0659010185995564,0.0251295226480902,0.050474501009124,
32.59999999240972,20.07175674397452,0.0130375516692374,0.0252689886959434,0.0317873217638028,
32.69999999238644,20.07577663432237,0.0591262095326342,0.0253084021446106,0.0138767161685509,
32.799999992363155,20.0809763504252,0.0601950013858788,0.0253478155932779,0.0040389598231565,
32.89999999233987,20.0933368195626,0.114468503065243,0.0259397532355221,-0.0009899619461897,
32.99999999231659,20.111606522875405,0.1491146387294368,0.0268787240778593,-0.0610201065614726,
33.099999992293306,20.10654491150417,0.0169321335579706,0.02769962929019,-0.0544293463559021,
33.19999999227002,20.11966837454153,0.0867677446405321,0.0276110391456829,-0.056137660436485,
33.29999999224674,20.119509442809708,0.0232704501261451,0.0275224490011758,-0.1002006260093305,
33.39999999222346,20.12210374847221,0.0476997520410691,0.0271628105160329,-0.1079201513229139,
33.49999999220017,20.123565122495343,0.0310235891593281,0.026629613378895,-0.1168701910633025,
33.59999999217689,20.13323267128612,0.0764634053841347,0.0261487389867596,-0.1235699985556071,
33.69999999215361,20.1415227112976,0.0802337294647972,0.0260881588613169,-0.1219915506120677,
33.799999992130324,20.14407792445068,0.036803041985106,0.0260275787358743,-0.1206804806327237,
33.89999999210704,20.157838776970863,0.1068740295340365,0.0260377390789552,-0.1131162470556321,
33.99999999208376,20.159978877487504,0.0616899610225015,0.0260920135975368,-0.1124687380173266,
34.099999992060475,20.167340403309684,0.0772148175092133,0.0261567962612452,-0.1120251508579489,
34.19999999203719,20.168699339822208,0.0467473071514226,0.0262876654256259,-0.1109267763499776,
34.29999999201391,20.174049466714116,0.0598501805135274,0.0264185345900065,-0.110800639901763,
34.399999991990626,20.174134560817667,0.0261972368334813,0.0263505569585814,-0.1026615696001298,
34.49999999196734,20.187903594970177,0.0963747515871186,0.0261557448866657,-0.1037206699138495,
34.59999999194406,20.19430359207169,0.0795440026990639,0.0259617696009327,-0.0982962573784632,
34.69999999192078,20.20529008986232,0.0961797283381061,0.0257740473121327,-0.0997619732465066,
34.799999991897494,20.209876548158103,0.0643109716324601,0.0255863250233327,-0.0954306912686803,
34.89999999187421,20.22320189570516,0.110426336050258,0.0252325285554722,-0.0913517391201433,
34.99999999185093,20.2216844519288,0.023707962793409,0.0247750309970975,-0.0745084472116546,
35.099999991827644,20.230058779426464,0.0426388062944788,0.024339825501677,-0.0604640213868686,
35.19999999180436,20.240940953644536,0.0681824203658825,0.024081020945429,-0.0426911874444065,
35.29999999178108,20.23697268695186,0.0021661234176936,0.0238222163891811,0.0199398718720487,
35.399999991757795,20.25124326237616,0.0886595435421983,0.0239541385672347,0.0488534869322739,
35.49999999173451,20.25172944740511,0.0493877709368625,0.0243279697754851,0.073986466634421,
35.59999999171123,20.249108258647343,0.0011603965080864,0.0248112041837847,0.0942902064692244,
35.699999991687946,20.253008755594333,0.0138625934476741,0.0261450598190451,0.097394647928448,
35.79999999166466,20.25441942237318,0.0295501678565646,0.0274789154543054,0.1067137359229229,
35.89999999164138,20.25649120590418,0.0299522958636891,0.0280575654369644,0.1155836849858071,
35.9999999916181,20.261018573203508,0.0468671662043888,0.0281667482235793,0.1161775171949278,
36.099999991594814,20.26856708056192,0.073270676710303,0.0282301421873099,0.1139570819962617,
36.19999999157153,20.280692365883937,0.1038596354050621,0.0279489166266174,0.1101492488499734,
36.29999999154825,20.28051741526717,0.0384270122675731,0.0276676910659248,0.1072178220150565,
36.399999991524965,20.287251149403406,0.0584949426815365,0.0277915700579461,0.1050945017908567,
36.49999999150168,20.28229227558543,-0.0262507174009558,0.0281676461655265,0.1065501399718325,
36.5999999914784,20.278780277727726,-0.0188325206095829,0.0285181352766326,0.107923664264337,
36.69999999145512,20.28196579461567,0.0140209869523536,0.028676655593478,0.1078340827856334,
36.79999999143183,20.290813252820985,0.0496339718982165,0.0288351759103234,0.1073187248437081,
36.89999999140855,20.29460631226126,0.0376181803678932,0.0289586347594335,0.0936962059330992,
36.99999999138527,20.309264829088416,0.1070039471454172,0.0290613969376657,0.0746456462902194,
37.09999999136198,20.310683597673773,0.0526926974404102,0.029210713461277,0.0755530967214849,
37.1999999913387,20.31059526347076,0.0190791305944243,0.0296569507173998,0.071929405617477,
37.29999999131542,20.31202482941372,0.0149004919167859,0.0301031879735225,0.0673945397445078,
37.39999999129213,20.30915874267725,-0.0224657392517079,0.0304207786152118,0.0431611306831292,
37.49999999126885,20.313262099468236,0.0210058087844163,0.0306667485165736,0.0302903272898049,
37.59999999124557,20.32286444240827,0.050898538930159,0.0308563330049935,-0.0004031310517255,
37.699999991222285,20.32734843212373,0.0380406239516424,0.0306848211796973,-0.026148916638043,
37.799999991199,20.3375392257848,0.0652187686730371,0.0305133093544012,-0.0653884794846468,
37.89999999117572,20.34313565436378,0.0520907635151577,0.0302863147714013,-0.0795614597293132,
37.99999999115244,20.34427818986793,0.0196550870279202,0.0300251828700767,-0.0939802317725835,
38.09999999112915,20.34960924425116,0.0409997162233327,0.0297687487089015,-0.1327428308937895,
38.19999999110587,20.357868335793764,0.0842205805136471,0.0295432092341671,-0.1579001188013051,
38.299999991082586,20.348368676851173,-0.030318741491685,0.0293176697594328,-0.1643541218392326,
38.3999999910593,20.356447992853003,0.0640810337422223,0.0288993182804513,-0.1782981319540316,
38.49999999103602,20.36054308285705,0.0385976231097126,0.0283607671125632,-0.1938699997411866,
38.59999999101274,20.371248882172026,0.0794303760816644,0.0280031414526272,-0.2059802929175674,
38.699999990989454,20.37905230514578,0.0929159638624725,0.0290706370802225,-0.2482130661221343,
38.79999999096617,20.38347392429493,0.0622618286530466,0.0301381327078178,-0.2499199026035894,
38.89999999094289,20.38612074344323,0.0313906571214178,0.0309064693018723,-0.2436603205018615,
38.999999990919605,20.387197625259112,0.0094390446769264,0.0314884024439722,-0.2436549526373469,
39.09999999089632,20.388414565544466,0.0139137968701136,0.0320514472893014,-0.2407672087244674,
39.19999999087304,20.390685290883795,0.0082507179743926,0.0325019938567179,-0.2393124353120627,
39.29999999084976,20.394237862856592,0.021831698529618,0.0329525404241343,-0.2442518189221589,
39.39999999082647,20.40104652268109,0.0485789736794461,0.0333485930969294,-0.2415675315450691,
39.49999999080319,20.40018603879371,0.0002617754951791,0.0337131616213079,-0.2390503422562502,
39.59999999077991,20.40579590865037,0.0344388319033912,0.0339545145145135,-0.23755600556995,
39.69999999075662,20.409481522971287,0.0257578459876835,0.0333951509933031,-0.2397503825726619,
39.79999999073334,20.4173894815928,0.0608465422745379,0.0328357874720928,-0.2477325912829285,
39.89999999071006,20.41930986039884,0.0309198135310385,0.0324243105072251,-0.2500626495608676,
39.99999999068677,20.431057017554664,0.0754615916535596,0.0320987901442654,-0.2636247020902392,
40.09999999066349,20.429098122843023,0.0185296751521273,0.0317696507170873,-0.2697512768784628,
40.19999999064021,20.43663939449208,0.0517174996359711,0.0314175419468092,-0.2710028890013535,
40.299999990616925,20.442154140309636,0.0472604304530631,0.0310654331765311,-0.2783545840534693,
40.39999999059364,20.443012406834,0.0410856387644899,0.0308247603292616,-0.2798845962084096,
40.49999999057036,20.4455224145902,0.0176084453032279,0.0306487411106499,-0.2874175597512145,
40.59999999054708,20.443278347486075,-0.0023688689266476,0.0304817097926731,-0.2880554166577485,
40.69999999052379,20.448375088196716,0.0613908057897011,0.0303837201999653,-0.2892638431298252,
40.79999999050051,20.45927068568732,0.091230791093331,0.0302857306072576,-0.2903854200514225,
40.89999999047723,20.44629232892016,-0.0513544462778193,0.0303504550567748,-0.2976549714012702,
40.99999999045394,20.460077187233274,0.0559551195264435,0.0305167293175565,-0.2971603415947265,
41.09999999043066,20.45065471343717,-0.06610221304015,0.0306862245527339,-0.2957670433567002,
41.19999999040738,20.448847339689912,-0.0584900518098002,0.0308799685958538,-0.2961463243522005,
41.299999990384094,20.45137756350932,0.0123672818044552,0.0310737126389738,-0.2962301924773207,
41.39999999036081,20.447527083174894,-0.0459814286427306,0.0317364269182198,-0.2934498380875635,
41.49999999033753,20.44478135589905,-0.0403384651306669,0.0326904964817248,-0.2890174571931498,
41.599999990314245,20.44117905461895,-0.0447761457688524,0.0335187548252385,-0.2897853247923478,
41.69999999029096,20.44759029971731,0.0148531242329539,0.0333699852471049,-0.2887977439851885,
41.79999999026768,20.43262195604077,-0.0948587354883986,0.0332212156689713,-0.2873011485115959,
41.8999999902444,20.43096872781915,-0.0285995428779045,0.0332843332889941,-0.290227084279618,
41.99999999022111,20.432149328173875,0.0148394025459895,0.0334804073150146,-0.2828124404743393,
42.09999999019783,20.430577291125346,0.0189860680362992,0.0336578654053056,-0.2817092654245141,
42.19999999017455,20.43142040616367,0.0391477958126914,0.0336757139965303,-0.2810809301770566,
42.299999990151264,20.42877780894409,0.0252974343612863,0.0336935625877551,-0.2812857897017549,
42.39999999012798,20.429356863993597,0.0313683416583643,0.0335738744583681,-0.2823965171994448,
42.4999999901047,20.42965337377361,0.018197577285214,0.0333665922147557,-0.2774165234149936,
42.599999990081415,20.42277030345492,-0.0369326954303043,0.0331707664587799,-0.2722027429576522,
42.69999999005813,20.42290885938396,-0.0228864864516788,0.0330569465863746,-0.2729077216820913,
42.79999999003485,20.41665376264563,-0.0596149304752582,0.0329431267139693,-0.2735197154237454,
42.899999990011565,20.411297855901235,-0.0727606209375571,0.0327451090244545,-0.2551646844289522,
42.99999998998828,20.40571904922085,-0.0705613659073064,0.0324936847825115,-0.2567981312854422,
43.099999989965,20.400935864890936,-0.0920803475726152,0.0323005361894296,-0.2526466175709415,
43.19999998994172,20.386757149084914,-0.1339294990831885,0.0325824061485041,-0.2528587364674922,
43.29999998991843,20.380614869582075,-0.1071191908529917,0.0328642761075785,-0.2543506225714931,
43.39999998989515,20.36877566265297,-0.1164430209626127,0.0328881205783156,-0.2530608007456103,
43.49999998987187,20.36439268095289,-0.0733366117128881,0.0327533605423845,-0.2470205997049372,
43.59999998984858,20.36150625090812,-0.0338449696343257,0.0325908475551162,-0.2428732881950767,
43.6999999898253,20.34910993039296,-0.1038233495313511,0.0322272470976293,-0.239356053175602,
43.79999998980202,20.340807603012333,-0.0725065169828885,0.0318636466401424,-0.2353936997576814,
43.899999989778735,20.32741483716143,-0.0866351013331734,0.0319958422630451,-0.2232270910511338,
43.99999998975545,20.319693319765435,-0.0799477561979101,0.0324380821985914,-0.2204218307626187,
44.09999998973217,20.295701439311006,-0.1075328363280693,0.0328629792559489,-0.1863173850812294,
44.199999989708886,20.290440416590616,-0.0436242047255462,0.0331597940036175,-0.1861991934815222,
44.2999999896856,20.28242610601745,-0.0793362074165403,0.0334566087512861,-0.1754969189444654,
44.39999998966232,20.27313935647025,-0.1040938580854408,0.0339434712389232,-0.1685387012577613,
44.49999998963904,20.2762541186442,-0.0155364613331979,0.0345469589055203,-0.1680873371051603,
44.59999998961575,20.26970641284726,-0.0558826873719881,0.0350604614557957,-0.1649647619567136,
44.69999998959247,20.257650241144457,-0.1088235110676592,0.0349026557588396,-0.1641418431886143,
44.79999998956919,20.25255239282484,-0.0848350142838693,0.0347448500618835,-0.1597294119341303,
44.899999989545904,20.243985084319576,-0.0995522767525665,0.0345925467503663,-0.1612079202744434,
44.99999998952262,20.24078295613843,-0.0786609060741766,0.0344437491625611,-0.16169350199612,
45.09999998949934,20.22904618964702,-0.1195055093485955,0.0342506970064627,-0.1566398688924924,
45.199999989476055,20.22045765978889,-0.1104649646579948,0.0337289823337621,-0.1593323564194889,
45.29999998945277,20.21369065760277,-0.089181328566482,0.0332072676610616,-0.1616912575164619,
45.39999998942949,20.207617576207685,-0.0765518444353131,0.0328152726489502,-0.1633873258220593,
45.499999989406206,20.206378797403108,-0.0483862960025715,0.0325042690903258,-0.1651852547014452,
45.59999998938292,20.201592616415294,-0.0583108529611033,0.0322155651971562,-0.1591590760018285,
45.69999998935964,20.194425039127424,-0.0535711515654038,0.0320934856672959,-0.151981183854878,
45.79999998933636,20.198033656723023,-0.0005030900459096,0.0319714061374355,-0.1534396723175787,
45.89999998931307,20.194324950974057,-0.0171046522326503,0.031992481561914,-0.1544953623263038,
45.99999998928979,20.18981476083212,-0.0184397369627076,0.0321024989199268,-0.1529829869203061,
46.09999998926651,20.18491156537273,-0.0135034929282749,0.032295328389639,-0.1578912771637242,
46.19999998924322,20.18593212892837,0.023445839190348,0.0331180534549727,-0.1563770297004545,
46.29999998921994,20.18373697461241,0.0325209666126162,0.0339407785203064,-0.1522229315033025,
46.39999998919666,20.17340840131394,-0.0398798824171546,0.0344082187526718,-0.1557674044497685,
46.499999989173375,20.18467685988782,0.0849073048545209,0.034645543087195,-0.1620599837539568,
46.59999998915009,20.1821694457331,0.021743074755401,0.0347794677591184,-0.1678315731695017,
46.69999998912681,20.183981061587183,0.027010988693032,0.0340914176863777,-0.1688123805914144,
46.799999989103526,20.183346815774694,-0.0062406080500429,0.0334033676136369,-0.1782778061993592,
46.89999998908024,20.16366854221072,-0.1569895300929417,0.032762327238453,-0.1869431142259367,
46.99999998905696,20.170501027766647,-0.0379105929380817,0.0321516150166852,-0.1880040808118858,
47.09999998903368,20.15987877437169,-0.0779291926097413,0.0316163317848071,-0.1989931247686746,
47.1999999890104,20.15684227445004,-0.0871888696376768,0.0317232400569947,-0.2102082419701507,
47.29999998898711,20.15292782315897,-0.0846369750485451,0.0318301483291824,-0.2145808276097885,
47.39999998896383,20.15718147612142,-0.039110363067537,0.0319452990379318,-0.2134457619149335,
47.499999988940544,20.167560979449117,0.0440726286843024,0.0320656224916316,-0.2226872117180479,
47.59999998891726,20.165161893832288,-0.0049173621945733,0.0321413051878991,-0.232932859247302,
47.69999998889398,20.16664234756483,0.0096528341187601,0.0318726818803839,-0.251544703501481,
47.799999988870695,20.165592610479045,-0.0235108221164156,0.0316040585728687,-0.2573920402603968,
47.89999998884741,20.1709752848889,0.0187636328714753,0.0317002993989095,-0.262120471353722,
47.99999998882413,20.168224216661752,-0.0159628610652755,0.0320322683120527,-0.2600207734287449,
48.099999988800846,20.17282308830216,0.0352975734293298,0.0323383117166925,-0.2584868780238629,
48.19999998877756,20.173988112369084,0.0284886972964649,0.032477464517089,-0.2559434251572415,
48.29999998875428,20.17802806005484,0.0561731370314016,0.0326166173174854,-0.2541293858376569,
48.399999988731,20.18949164112332,0.1146698232217458,0.0326924546301803,-0.2607682273463242,
48.499999988707714,20.19371458948847,0.0899171381413406,0.0327294145891032,-0.2663704579994632,
48.59999998868443,20.195402224470783,0.0813919802943842,0.0327970923359833,-0.2648707544419465,
48.69999998866115,20.20034705736055,0.0899676291888227,0.0330986733940695,-0.2618586819814266,
48.799999988637865,20.1901700327054,-0.0210382448230206,0.0334002544521557,-0.2585953131100429,
48.89999998861458,20.18888651140581,0.0146620281374881,0.0333569876999821,-0.2565826599989088,
48.9999999885913,20.19646904336552,0.0642633243817944,0.0330936677714377,-0.2501092889306172,
49.099999988568015,20.193999524333474,0.0202157012216969,0.0328174459460284,-0.2496882746808552,
49.19999998854473,20.190394731411956,-0.0079331175512669,0.0324349246253249,-0.2381903714054675,
49.29999998852145,20.193054958835106,0.0070082416364397,0.0320524033046215,-0.2338967434573151,
49.399999988498166,20.19411876985096,0.0030308643814286,0.0316835184879816,-0.2286419946787689,
49.49999998847488,20.19645591923848,-0.0138886876733116,0.0313232350751834,-0.2295097263361588,
49.5999999884516,20.1975998434568,-0.0193447629145659,0.0309694005524206,-0.2198155865928638,
49.69999998842832,20.20043274883441,-0.0163779937418339,0.0306646527954983,-0.217207262384188,
49.79999998840504,20.208747190690325,0.0352445799426238,0.0303599050385761,-0.2000291911126725,
49.89999998838175,20.195087376958348,-0.1020575084540801,0.0295745712462758,-0.1371966181186268,
49.99999998835847,20.201205137163004,-0.0201187214414457,0.0284865302153214,-0.0590446809682802,
50.09999998833519,20.209370269829403,0.0462643911828322,0.0273901698665281,-0.0634343307990781,
50.1999999883119,20.21876984453993,0.0360430062032094,0.0262431313987769,-0.0478889452712859,
50.29999998828862,20.218240204753325,0.0109598084093486,0.0250960929310256,-0.0006721108702773,
50.399999988265336,20.233726537046685,0.0946858679212592,0.0244660930372166,0.0762630918105731,
50.49999998824205,20.227531168386083,0.01242940623383,0.0241635670663005,0.0694616101565863,
50.59999998821877,20.228819934373497,0.0307360422290191,0.0239243088519887,0.0823367239114433,
50.699999988195486,20.221692723147537,-0.007080099577218,0.0241397650021029,0.0954369748458813,
50.7999999881722,20.226215176376623,0.0631778592679911,0.0243552211522171,0.1082203220934091,
50.89999998814892,20.227340970134783,0.043752217441771,0.024366122792087,0.1146684383940711,
50.99999998812564,20.229966579513206,0.0453211379353307,0.024246333603158,0.1324275311059699,
51.099999988102354,20.232106500675904,0.0469659464353125,0.0240954092493982,0.1370503094180306,
51.19999998807907,20.233119419294088,0.0351870841139473,0.0236922065537664,0.142413988621297,
51.29999998805579,20.236820045272832,0.0394317961841722,0.0232890038581345,0.1661099503573333,
51.399999988032505,20.24225549150003,0.042724858492127,0.0226705666557194,0.201883662714639,
51.49999998800922,20.24571433722362,0.0221264304369084,0.0219123473159086,0.2050331963846694,
51.59999998798594,20.24903056992488,0.0147889719590046,0.0211936730922374,0.2090473667558338,
51.699999987962656,20.25783826888637,0.0329875671702228,0.0207718618022695,0.2203873318447641,
51.79999998793937,20.276498801603687,0.1120655060544966,0.0203500505123017,0.2638351861510103,
51.89999998791609,20.287259663173256,0.079033257308671,0.0200933974132171,0.2626767009832609,
51.99999998789281,20.299461384890947,0.0974447775905837,0.0199438003586229,0.2819860312888532,
52.09999998786952,20.309728861821423,0.0849061115899567,0.0198233976554907,0.294715074198478,
52.19999998784624,20.31060716628319,0.0135982698482658,0.0199176357994276,0.3091493335693605,
52.29999998782296,20.317930824309837,0.0554785323550406,0.0200118739433645,0.3351742239497305,
52.39999998779968,20.333190635378177,0.1223627434250764,0.0197347554882865,0.3355078654049423,
52.49999998777639,20.35082887656492,0.1638599151357131,0.0192167119865183,0.3410271907467181,
52.59999998775311,20.34671661285121,0.0147786865587751,0.018699684803998,0.3387777956362813,
52.69999998772983,20.367815271284087,0.1511937249542725,0.0181899912646751,0.3284808425282513,
52.79999998770654,20.37312103257725,0.110816973311422,0.0176802977253522,0.2805010948030171,
52.89999998768326,20.34890411399906,-0.1180256779318479,0.0177147644607858,0.2680883688100883,
52.999999987659976,20.30614944604847,-0.2959417401693123,0.0180903120602158,0.2599663152023311,
53.09999998763669,20.27521752334964,-0.290623375469096,0.0184380359915791,0.2504042311865886,
53.19999998761341,20.23563367851169,-0.3535461949029189,0.0185721026234462,0.2524797412863871,
53.29999998759013,20.18309508352871,-0.4619871688154867,0.0187061692553133,0.2547382984998969,
53.39999998756685,20.113317102417835,-0.6234117991090402,0.0186944768316201,0.2553472953922144,
53.49999998754356,20.000489590629257,-0.9706580992524196,0.0185920075891578,0.2549247056882842,
53.59999998752028,19.875397743261576,-1.1658652899918676,0.0185055289944028,0.2488691872338755,
53.699999987496994,19.761880154214754,-1.1522118159879475,0.018543907320409,0.2300424314729688,
53.79999998747371,19.64640823787875,-1.1692572403525574,0.0185822856464151,0.2189102705799265,
53.89999998745043,19.53316347283146,-1.1685694568231129,0.0184398099301898,0.2000534113396263,
53.999999987427145,19.412035850423607,-1.1932438204623494,0.0181822309203725,0.1927878707666997,
54.09999998740386,19.305248563160436,-1.1484592017365456,0.0179619373043865,0.1794806378541548,
54.19999998738058,19.17435628508999,-1.2582095214566025,0.0180159641043345,0.1734249978431642,
54.299999987357296,19.055984130364088,-1.2270752576424009,0.0180699909042825,0.1733586122423108,
54.39999998733401,18.93674382437256,-1.222338217963242,0.0180827352564087,0.1729557174605049,
54.49999998731073,18.826740883396152,-1.1550400382526171,0.0180718541957501,0.1674318145986103,
54.59999998728745,18.708512072779,-1.183365581325107,0.018183275346533,0.1664126373287869,
54.69999998726416,18.58707106547584,-1.2169516635873567,0.0190281516651373,0.1610271466933073,
54.79999998724088,18.46103380594601,-1.2400775416181573,0.0198730279837416,0.1622012032674886,
54.8999999872176,18.331755332029548,-1.276790497321196,0.0205660666562903,0.1647567556091882,
54.99999998719432,18.205901334983977,-1.253724723749196,0.0211704238765733,0.1665162071346308,
55.09999998717103,18.077192254613344,-1.2736812065820695,0.0217339464494866,0.1656036119625811,
55.19999998714775,17.951374129783225,-1.255176085498446,0.022021733418722,0.1646615413361643,
55.29999998712447,17.814787534901015,-1.2840599869232492,0.0223095203879574,0.1586314997370042,
55.39999998710118,17.679302622859332,-1.2954665622268284,0.0225338020729699,0.1565901159530141,
55.4999999870779,17.53416226798928,-1.3664682177800525,0.0227221116994708,0.1400248014266601,
55.599999987054616,17.40324523063095,-1.3045117720936057,0.0229192884328384,0.1289022331140245,
55.69999998703133,17.25557216089187,-1.4208670926782965,0.023183223349148,0.1229363714310808,
55.79999998700805,17.085151341903828,-1.6219953178349382,0.0234471582654575,0.1167425928157055,
55.89999998698477,16.946431958241018,-1.4963265934556391,0.0237920645129155,0.1158585785469364,
55.99999998696149,16.792740842543786,-1.5223122128467546,0.0241835354916442,0.1153944163247323,
56.0999999869382,16.634616277359225,-1.5417409255822705,0.0245195664734386,0.1148410908236664,
56.19999998691492,16.471215725055508,-1.5839012648495014,0.024445098858212,0.1131767559249156,
56.29999998689164,16.320407610241485,-1.5196783944478625,0.0243706312429853,0.1102031197816954,
56.39999998686835,16.16968387407661,-1.5228887095841268,0.0242560221859564,0.1078019846790983,
56.49999998684507,16.00243267753265,-1.6402872127702866,0.0241167140119955,0.1053984417946246,
56.599999986821786,15.846509181078195,-1.5942342311347453,0.023954668265717,0.1026609765958765,
56.6999999867985,15.701272337859615,-1.5123597231809771,0.023614236237542,0.0997539702381056,
56.79999998677522,15.55467162012234,-1.4685953723024112,0.0232738042093671,0.096994799334691,
56.899999986751936,15.404779114854213,-1.4931042107563106,0.0229612046326176,0.0982463767240389,
56.99999998672865,15.230208729338758,-1.6719766265596832,0.0226656215558913,0.1119509831834262,
57.09999998670537,15.073923391637797,-1.630228451377277,0.0224236888777557,0.1094762216614406,
57.19999998668209,14.91834521752853,-1.5898810454813368,0.0226150794214849,0.1075458525522474,
57.2999999866588,14.745940132744176,-1.6666995598770145,0.0228064699652141,0.1346699455022287,
57.39999998663552,14.58855107540647,-1.5802835816760163,0.0229148225483726,0.1395815549695906,
57.49999998661224,14.429219817864226,-1.6188268157857315,0.0229703791871659,0.1414503738875403,
57.59999998658896,14.267788044323916,-1.628615196840539,0.0230513500417946,0.165556411843276,
57.69999998656567,14.110074139393452,-1.577063499009771,0.0233188127479009,0.1956375171939445,
57.79999998654239,13.94284677614358,-1.6300059647194822,0.0235862754540071,0.1992107831499965,
57.89999998651911,13.781733315502214,-1.6299583201675223,0.0240176100601973,0.1961252395462671,
57.99999998649582,13.616672175826563,-1.6267135382940114,0.024551686628275,0.193066266085528,
58.09999998647254,13.44492901934382,-1.6710144559054023,0.0250244776556917,0.1893571954590877,
58.19999998644926,13.2849939308177,-1.6546165485955269,0.0250589201255469,0.1855580896870861,
58.29999998642597,13.12622115598906,-1.614589290560628,0.0250933625954021,0.1814892394075937,
58.39999998640269,12.957800665349245,-1.641785649887135,0.0246749930314454,0.169983772351386,
58.49999998637941,12.786986788103752,-1.6930306988096333,0.023976414667664,0.1614025586346735,
58.59999998635613,12.634098738297409,-1.5801189956191484,0.0232127710191317,0.1433427151953436,
58.69999998633284,12.473174576897,-1.5870630396349736,0.0219711883651424,0.122259356365962,
58.79999998630956,12.296104938569774,-1.718732304380012,0.020729605711153,0.1013461243918644,
58.89999998628628,12.131609840639262,-1.6767985686967688,0.0194898235449291,0.0845026523317465,
58.99999998626299,11.951207968347724,-1.7324492879053337,0.0182511575140816,0.0683988765991867,
59.09999998623971,11.785095953840589,-1.6836237924609143,0.017093581199451,0.0410051348739826,
59.199999986216426,11.61555824072276,-1.6727649203465933,0.0165687826594137,0.0212065943014861,
59.29999998619314,11.439993961934864,-1.718762029496511,0.0160439841193764,0.0120729235845009,
59.39999998616986,11.272848403015846,-1.684683601282016,0.016099194421024,0.0076843504727727,
59.49999998614658,11.077154532182336,-1.8424458520774971,0.0165211111193552,0.0087281687466529,
59.599999986123294,10.881138928566084,-1.891121766329121,0.0169107482688147,0.0076676471075115,
59.69999998610001,10.715112894228412,-1.728654453355615,0.0170555119068877,0.0084099431670065,
59.79999998607673,10.544073370959223,-1.7331401236886437,0.0172002755449607,0.009146346868261,
