t,vEgo,aEgo,roll,targetLateralAcceleration,steerCommand
0.0,19.67717742919922,0.3125333189964294,0.0078542381001479,-0.0631097201531964,0.24644147244248338
0.099999999999909,19.708657540942685,0.3167374997144048,0.0077895983136048,-0.0639523932306772,0.24621647914117023
0.1999999999998181,19.74290778330217,0.3367259435160053,0.0077249585270617,-0.0644258124246374,0.24257556878834327
0.2999999999997271,19.778587797799503,0.3594221176170626,0.0076603187405186,-0.059721494281827,0.24147753752188417
0.3999999999996362,19.806555744578063,0.3191081795312488,0.0073229237411595,-0.0615099350182346,0.2361586325623969
0.4999999999995452,19.839163458855825,0.3216121749535865,0.0069758157622921,-0.0570126363200961,0.23593410592961467
0.5999999999994543,19.87475076842758,0.3544749255431275,0.0066658646440937,-0.059892156374454,0.2308459108031224
0.6999999999993634,19.90894574337537,0.352577455883915,0.0063965651353253,-0.054986810924581,0.22503389490874756
0.7999999999992724,19.944109539064424,0.3546431070657554,0.0061359223843566,-0.0489049919858009,0.22255982781703468
0.8999999999991815,19.98230118245664,0.3768678002384488,0.0064319754522229,-0.0424341012044886,0.22024170592202996
0.9999999999990904,20.020721483080703,0.390347765609207,0.0067280285200893,-0.0362026414461319,0.20703388295658787
1.0999999999989996,20.057200392792332,0.371944580197335,0.0067391644757994,-0.0162715261361673,0.20725613708129498
1.1999999999989086,20.0972615181898,0.386558588699447,0.006482149778803,-0.0193131991110572,0.1986159335912747
1.2999999999988177,20.135072390721614,0.381755765747527,0.0062251350818066,-0.0089361529894533,0.18704796658142725
1.3999999999987267,20.171633087160124,0.363608043134189,0.0062818810174077,0.0089386234531604,0.17517938085679166
1.4999999999986358,20.20248402121832,0.3123845571652495,0.0063835293187618,0.0277132493930587,0.1713184124194856
1.5999999999985448,20.241107466085644,0.3506761633099231,0.0063518967603712,0.0330741243447646,0.17024559815293772
1.699999999998454,20.27565976893718,0.3547675546570856,0.0060928500535055,0.0320198569295552,0.1701527059526623
1.799999999998363,20.30864243308312,0.3278815950719691,0.0058338033466399,0.0294949313372452,0.16482666606357346
1.899999999998272,20.33894416401364,0.3360213375126888,0.0052179409501401,0.0313733220523987,0.15482936378998183
1.999999999998181,20.366929625449966,0.3025903036270287,0.0045592969747694,0.0398787805789588,0.14978604610700402
2.09999999999809,20.39018340799247,0.2910634596308057,0.0042469037425722,0.0443308002227963,0.1421043303163511
2.199999999997999,20.404803106361896,0.1932185944306582,0.0043105256726374,0.0564685838475634,0.13901941644033844
2.299999999997908,20.423606002515125,0.1932755492617284,0.0043741476027026,0.0616750998476894,0.1492487972372417
2.399999999997817,20.442263789359377,0.1910483285644672,0.0060096740383132,0.0622612913132521,0.1472431009838823
2.4999999999977263,20.455943339845717,0.1343921499454305,0.0076618097035229,0.0814455090848716,0.15421136295334278
2.5999999999976358,20.472291275991157,0.1452298107410813,0.009557983446734,0.0894878962203459,0.1534467567628693
2.6999999999975444,20.4833103566768,0.1250691173224376,0.011686563730212,0.1114841305953189,0.14144010155053213
2.7999999999974534,20.505554302622752,0.1679513080624062,0.01381514401369,0.1503901767524282,0.14416267840498498
2.8999999999973625,20.52983044201329,0.3191952599083476,0.012451540015648,0.1328320288736323,0.14306019642212792
2.9999999999972715,20.504107988930272,-0.2490619277012928,0.0108932477637925,0.1192924479819245,0.13595100879473976
3.099999999997181,20.55676562474111,0.2464251429287908,0.0087874354237466,0.1091783650779044,0.11850089871897065
3.1999999999970896,20.56889745016464,0.1511699418804834,0.005758503705097,0.1056945468378254,0.1116523748201064
3.2999999999969987,20.55487617083414,-0.0563551430913208,0.0027295719864474,0.0863112543431842,0.10414545368862113
3.399999999996908,20.536719888252787,-0.1394546697213584,0.0013844483087081,0.0844320940406118,0.10041713064330096
3.4999999999968168,20.52007505980016,-0.1578240463425517,0.0002556538307761,0.0789909997251605,0.0999088491542571
3.599999999996726,20.509589658180047,-0.1173289118103463,-0.0001267897591093,0.0760254229186956,0.10646870803993445
3.699999999996635,20.514483289890663,0.0025018760320436,0.0002518638181071,0.0698884153705071,0.11186564353699133
3.799999999996544,20.51914355792346,0.0322927388181567,0.0006318836155907,0.0655037745537459,0.11381125076182108
3.899999999996453,20.527555074698828,0.0801801625588548,0.0011021083276436,0.0671731781544702,0.11454317163178356
3.999999999996362,20.51586506199829,-0.0519701834125828,0.0015723330396965,0.0707172421980825,0.11944344390263142
4.099999999996271,20.500268812188917,-0.1122908626732348,0.0018317646023305,0.0659433226217358,0.12129153496973114
4.19999999999618,20.481454139944592,-0.1680665542614332,0.0017269489049153,0.0621884292445592,0.12520264009866985
4.299999999996089,20.456653758473703,-0.2344249122071628,0.0016221332075001,0.0553516843906658,0.13427532955909804
4.399999999995998,20.43399053176944,-0.2194435878526066,0.0018210939617422,0.0437327810587409,0.14307223597808646
4.499999999995907,20.423916281605816,-0.2548915482869404,0.0020558497815817,0.0328341185396303,0.17028526160979002
4.599999999995816,20.41302513732367,-0.1725952710811266,0.002284698725252,-0.0059134276602176,0.1686323904175248
4.699999999995725,20.40609731300252,-0.1002742046089517,0.0025074699112893,-0.0012056147313731,0.17309114602356096
4.799999999995634,20.3958257695291,-0.1054496336035159,0.0027330011915324,-0.0056897254837065,0.1788589910845209
4.899999999995544,20.374690478905872,-0.1766571798514803,0.0031105587131239,-0.0106217214218411,0.18808825864438666
4.9999999999954525,20.352425968593128,-0.204848258027144,0.0034881162347153,-0.0207904246540837,0.19504599914971635
5.099999999995362,20.335003284269764,-0.1798206370915931,0.0039905952837706,-0.0263252978627269,0.20027287299081764
5.199999999995271,20.324944711559247,-0.1282539647531595,0.0047150825451976,-0.0270977243903283,0.20589928205052221
5.29999999999518,20.312264880100187,-0.135336478759536,0.0054395698066245,-0.0284699978142717,0.21392780834502484
5.399999999995089,20.294149816880235,-0.1569608781979028,0.0058622607283444,-0.0364333302355144,0.222010043448396
5.499999999994998,20.282921707817408,-0.1188231849377053,0.0062507741650964,-0.0448606234521026,0.2260097218489305
5.599999999994907,20.26993112681734,-0.1134581582503901,0.0065103661600695,-0.04833920435093,0.22969621616232064
5.699999999994816,20.25582423720853,-0.1194277764996723,0.0066304339979529,-0.0527062050162011,0.2293191634300957
5.799999999994725,20.22671357457646,-0.2358045744944982,0.0067501601486524,-0.0508082750472046,0.22871305144788776
5.899999999994634,20.18883018814275,-0.2918155076372504,0.0068463152495937,-0.0487487028590543,0.23290571749684338
5.999999999994543,20.140117085963222,-0.4482372788573088,0.0069424703505349,-0.0539367383749915,0.24295298851586744
6.099999999994452,20.060094317634235,-0.6493468211546511,0.0070780734230442,-0.0674838732679092,0.24307050507332717
6.199999999994361,19.98494770618465,-0.7366583034611816,0.0072836470795912,-0.0652413531699998,0.24815672662644203
6.29999999999427,19.8715084777825,-1.0174368569336354,0.0074892207361382,-0.0703677112795111,0.2525739316594349
6.399999999994179,19.70488466740063,-1.4532261477594286,0.0076736503938299,-0.0743791207453131,0.2525825635349274
6.499999999994088,19.507113014950924,-1.799983401610301,0.0078553050786169,-0.0715387622719991,0.2530448697725312
6.599999999993997,19.30221559595826,-1.9490056628422008,0.0079663626084388,-0.0700852182408813,0.25363921544784596
6.699999999993906,19.09248199467231,-2.035217008085277,0.0080039839977243,-0.0695236332717903,0.25358465684012627
6.799999999993815,18.879005705898813,-2.1264902322801325,0.0080453346603338,-0.0679558081564434,0.2553857800439793
6.8999999999937245,18.656015214181306,-2.1846991501444912,0.0083213070638695,-0.0668405457705686,0.25321867017045513
6.9999999999936335,18.43698845755698,-2.2438177569939914,0.0085972794674051,-0.0598210317031714,0.24640067420360207
7.099999999993543,18.19627738005856,-2.282682671774108,0.0088318881401323,-0.04625317119461,0.24666920900551179
7.199999999993452,17.961526925876946,-2.3161695372741966,0.0089971852419613,-0.0439657563004792,0.24814583625810346
7.299999999993361,17.731508247397812,-2.2783792510647563,0.0091624823437904,-0.0435268876159718,0.2468432495568084
7.39999999999327,17.49984532715044,-2.324192409843848,0.0093357536635866,-0.0388977294196537,0.24187629854486237
7.499999999993179,17.264998263698946,-2.3183582668832874,0.0095099646262577,-0.0289357702425512,0.2364176460068996
7.599999999993088,17.052932281048317,-2.2040786635542013,0.0096284442499065,-0.0189399843710631,0.2295034904706919
7.699999999992997,16.852512894487226,-2.062668070105572,0.0096892840765578,-0.0075162750475581,0.23112468628429592
7.799999999992906,16.67217210812075,-1.9368595720886688,0.0097501239032092,-0.0086288181229036,0.22753418930197244
7.899999999992815,16.485802731977422,-1.8892400040709696,0.0094999113744276,-0.0052072730581992,0.22065405770651816
7.999999999992724,16.306496586847704,-1.8451079861429995,0.0092484646579775,0.0028714275999427,0.21795766550209406
8.099999999992633,16.12861619493144,-1.758183796120694,0.0090578702316739,0.0054641596646593,0.21896697080114888
8.199999999992542,15.96363545318234,-1.6966165744900117,0.0089653101396092,0.0036227200702003,0.21335771685850216
8.299999999992451,15.803061188019694,-1.637631422788569,0.0088727500475444,0.011251954468392,0.20674009468020504
8.39999999999236,15.657327658649349,-1.5316802622371315,0.0085602298946059,0.0180914038025669,0.19635777676609867
8.49999999999227,15.514848740156555,-1.4608823463544718,0.0082190016331044,0.029976701718212,0.18674665394939644
8.599999999992178,15.39552181003326,-1.2915544106102386,0.0079581782924814,0.0414093911934852,0.17436977053376107
8.699999999992087,15.273492065887938,-1.2103862461225874,0.0077813946884032,0.0575454507290022,0.1442339445230489
8.799999999991996,15.15854251444292,-1.1665290609722825,0.007605370046003,0.098709111655146,0.1430257939573847
8.899999999991905,15.054923642984935,-1.0830442232454365,0.0074713357186327,0.0992870064891803,0.13740123783310762
8.999999999991815,14.99151392248571,-0.7988431493817817,0.0073373013912624,0.1060121579703008,0.13766893859280535
9.099999999991724,14.943095259706444,-0.6119687692101582,0.0072261140553168,0.1046220270127593,0.13753857156810975
9.199999999991633,14.88160844772652,-0.6140370556139366,0.0071549973544306,0.104206627501557,0.13806239405710463
9.299999999991542,14.837918011025035,-0.5107016347290785,0.0070838806535443,0.1028420008009412,0.1453849646003948
9.39999999999145,14.789395375873331,-0.5084054242207011,0.0071544524959993,0.0933083234460929,0.14646602819311186
9.49999999999136,14.775424033681109,-0.2387382973869455,0.0072416748914957,0.0926658553448981,0.14903089565706698
9.599999999991269,14.761239586709062,-0.1704202485032812,0.0071784399594928,0.088458878522178,0.153945448448257
9.699999999991178,14.76633464841745,-0.023569722872913,0.0069551518189575,0.0793372553870092,0.1588667104762098
9.799999999991089,14.765154428689058,-0.0182887024382534,0.0067420494541889,0.0703128699763135,0.175586889443727
9.899999999990996,14.789820256921285,0.1302891293676162,0.0070783685918312,0.0499619329091233,0.19168613596964898
9.999999999990903,14.8054549372549,0.1568130949415486,0.0074146877294735,0.0304445403365945,
10.099999999990814,14.822231443020211,0.1668026480236988,0.0077820663837025,0.0105463451368911,
10.199999999990723,14.845916328207876,0.2167627316785648,0.0082009740987576,-0.0082990898093106,
10.299999999990632,14.870668729143542,0.2196932572378249,0.0086198818138126,-0.0053773589074414,
10.39999999999054,14.886920639064227,0.1907347274431343,0.008457580916177,-0.0131144406034278,
10.49999999999045,14.890260413822867,0.0878209451812334,0.0082705319413483,-0.0213233080379244,
10.59999999999036,14.903473201469511,0.1168211874988389,0.0079994494804497,-0.0504885155516011,
10.699999999990268,14.912876378042908,0.0938633933829054,0.0076380576473283,-0.0626638370433379,
10.799999999990176,14.931044651156023,0.1567217808541836,0.0072809079067517,-0.0615414570035316,
10.899999999990088,14.940048903170558,0.11069529606692,0.0073198267825823,-0.0603119969890945,
10.999999999989996,14.949320097097097,0.1011338517017366,0.0073587456584129,-0.0633818350110408,
11.099999999989905,14.958211942049209,0.0893195225430159,0.007322524784717,-0.0580812199204365,
11.199999999989814,14.974897476020503,0.1330294463556867,0.0072144591686736,-0.0572995288494374,
11.299999999989724,14.97312744427742,0.0452698033619155,0.0071063935526302,-0.0563198273112374,
11.399999999989632,14.975681350841468,0.0306165088026536,0.007197784831335,-0.0513835842461744,
11.49999999998954,14.988371185145546,0.0894367947460246,0.0073195685391103,-0.0504415484554702,
11.59999999998945,15.012800574212884,0.1830450202312126,0.0075928307595283,-0.040430695056062,
11.69999999998936,15.04586275129206,0.2922953059428358,0.0081090806592645,-0.0345484978953076,
11.799999999989268,15.077130145872268,0.3025528688724733,0.0086253305590006,-0.0337426561938669,
11.899999999989175,15.116094218962395,0.3602297491451838,0.0092604927317551,-0.0331075137669423,
11.999999999989086,15.15835996828346,0.4014086127945716,0.0099096597127949,-0.022806344655075,
12.099999999988995,15.211465877826663,0.4910635420798841,0.0104050958211318,-0.021459125320504,
12.199999999988904,15.26367377368116,0.5222139292416489,0.0107396515667105,-0.0159506909133989,
12.299999999988811,15.310226247080491,0.4957237192509942,0.011068736673835,-0.0057624555179217,
12.399999999988722,15.375247351418023,0.595993842509035,0.0110428747991856,-0.0009792612277971,
12.499999999988631,15.428321996479031,0.5461356336073271,0.0110170129245361,-0.0023019516957656,
12.59999999998854,15.490865783002816,0.5996990509714732,0.0109365788208476,0.0018817416046215,
12.69999999998845,15.543670842381268,0.5616591778016601,0.0107637237710521,0.001025532299404,
12.799999999988358,15.600459272099402,0.5623520760796703,0.0105908687212566,0.0046247579513757,
12.899999999988268,15.66135808878678,0.5853080273496105,0.0101958101791459,0.0073768523410417,
12.999999999988177,15.718708852801294,0.5795587861601106,0.0097775118363546,0.0096015248342589,
13.099999999988086,15.782552305343692,0.6239223108185784,0.0094257272113452,0.0129360700641981,
13.199999999987996,15.846583943170932,0.6369976247300027,0.0091421268500672,0.0166117999140867,
13.299999999987904,15.916778054887466,0.6806620744425657,0.0088590749129096,0.0249104697959348,
13.399999999987813,15.98987335850688,0.6977392375219974,0.0086294401846771,0.022839927588604,
13.499999999987722,16.055388065951004,0.6778201036961413,0.0083998054564447,0.0313517648519658,
13.59999999998763,16.12236894813245,0.6679089677020289,0.0082470853777932,0.0450485841877475,
13.69999999998754,16.189121934558013,0.666411047363552,0.0082241664443133,0.0482016283500215,
13.799999999987447,16.252715570780506,0.6535204164474805,0.0082012475108333,0.0520558880495575,
13.899999999987358,16.304440385810537,0.5655738215837117,0.00822446058057,0.0571979934723942,
13.999999999987269,16.340929568683183,0.4152871617271937,0.0082537459256623,0.0562189703114289,
14.099999999987176,16.37500766971674,0.3656652479731659,0.0081551621282922,0.0605245735053651,
14.199999999987083,16.402233089128874,0.3031686684568597,0.0079239314017965,0.0654627709421976,
14.299999999986994,16.427678911938738,0.278650666471304,0.0076940425407846,0.0648675837429415,
14.399999999986903,16.44399782562303,0.2121606214203992,0.0075503465508729,0.0645840125676687,
14.499999999986812,16.463664398577137,0.205708355855961,0.0074066505609612,0.064498072221618,
14.59999999998672,16.481843886534556,0.194477700019373,0.0072802019046843,0.0636217892143734,
14.69999999998663,16.509513489730615,0.2521224173149735,0.0071814173350849,0.0580327330315828,
14.79999999998654,16.5507700932414,0.3582563686437803,0.0070826327654856,0.0579034913735553,
14.899999999986449,16.593954674280425,0.4030345154008338,0.0071366156124351,0.0580761085005206,
14.999999999986358,16.63862102145949,0.439645344396053,0.0072118643021171,0.0577107753253358,
15.099999999986268,16.683560269209934,0.4541321767292311,0.0073214763295511,0.0580053816494189,
15.199999999986176,16.73476906779424,0.49054657880787,0.0074737029309413,0.0492641506113206,
15.299999999986085,16.778545582371027,0.4576230371985129,0.0076186242970243,0.0446692655455219,
15.399999999985994,16.83615555129963,0.5244526527383919,0.00733561779151,0.0387193383765112,
15.499999999985905,16.89721093609135,0.5688127947508395,0.0070526112859958,0.0326797273652506,
15.599999999985812,16.966310572100948,0.6405087651673251,0.0068370265873602,0.0318861117600011,
15.69999999998572,17.032024619813438,0.6567815481659318,0.0067296054361468,0.0267257359511655,
15.79999999998563,17.099985555813355,0.6752351953374214,0.0066221842849334,0.0177973133634092,
15.89999999998554,17.16856725732367,0.686520458905607,0.0065729927882583,0.0153951666086021,
15.999999999985448,17.242715919773005,0.7168144934162629,0.0065263120202345,0.0175210917059128,
16.099999999985357,17.32042622393113,0.7511820558500828,0.0065859285801032,0.0185866704107729,
16.199999999985266,17.399563430190447,0.7649256138257173,0.0067445605110295,0.0082773613543656,
16.299999999985175,17.491523311860607,0.8559404348210999,0.0068992981072374,-0.0127966939406135,
16.399999999985084,17.581310695331307,0.8697841806264539,0.0068385012280577,-0.0225540176805191,
16.499999999984993,17.670126622065645,0.8904165076883261,0.006777704348878,-0.0330668980745221,
16.599999999984902,17.76670290578449,0.9431277480150504,0.0067302966082808,-0.0505542269524745,
16.69999999998481,17.86033846474353,0.9429556029638072,0.0067060828616072,-0.0776647814707734,
16.79999999998472,17.937769046526657,0.84331391695879,0.0066818691149336,-0.0866247462188088,
16.89999999998463,18.028134914681267,0.8944885446928208,0.0065862173419269,-0.0914619451167606,
16.99999999998454,18.12902659875889,0.9568678499387596,0.0064817173900122,-0.0936838089600867,
17.099999999984448,18.215127336499503,0.8951461810045571,0.0064292627635234,-0.0946536416986811,
17.199999999984357,18.302754353270583,0.8855357012271347,0.0064335175895016,-0.0883924563165567,
17.299999999984266,18.392211888902985,0.9004135675713756,0.0064385611359401,-0.0947097719218759,
17.399999999984175,18.477944674112628,0.865580837268971,0.0064857149176707,-0.09458628746928,
17.499999999984084,18.56808380031393,0.87381946301719,0.0065328686994013,-0.0884551548048292,
17.599999999983993,18.66148348727712,0.8931046683610996,0.0066257893692629,-0.0821812287040147,
17.699999999983902,18.755395580714847,0.9080499486404016,0.0067942647244883,-0.0764893455945418,
17.79999999998381,18.84263704052458,0.8718652196024462,0.0069627400797137,-0.0702007889818736,
17.89999999998372,18.925470106617983,0.8364166824001399,0.0069698754883007,-0.0638134549394962,
17.99999999998363,19.01344307098192,0.8481565687655638,0.0069568796596531,-0.0582285923719884,
18.099999999983535,19.09834037579407,0.8400111750067867,0.0069107224414667,-0.059559308030066,
18.199999999983447,19.180678713406927,0.8122783626807746,0.0068285837176658,-0.0417787366930383,
18.29999999998336,19.260902727260568,0.7966773670277637,0.0067470321801065,-0.0297133851987004,
18.399999999983265,19.342016015674982,0.7965780362148027,0.0067244296322058,-0.0185073336757679,
18.49999999998317,19.418030215484997,0.772552166531121,0.0067018270843052,-0.0204354969246682,
18.599999999983083,19.493386164744223,0.7429612842720982,0.0066803200820787,-0.0078057811605221,
18.699999999982992,19.56631095205092,0.7366025486858716,0.0066606008839594,0.0104817902085704,
18.7999999999829,19.629872714899797,0.6533358668017402,0.00664088168584,0.0280543721875482,
18.89999999998281,19.686988905038596,0.5866436777712938,0.0065258899723311,0.0736097332069304,
18.99999999998272,19.7306745332558,0.4827429043096138,0.0063979755659461,0.091779182505569,
19.09999999998263,19.78658905045657,0.5188941481421886,0.0063278733220189,0.0914744782088889,
19.199999999982538,19.832445346096307,0.4687329354257657,0.0063244680050157,0.0907148111299496,
19.299999999982447,19.88334016825257,0.4764619651052853,0.0063210626880124,0.0900555041394078,
19.39999999998236,19.925248599998508,0.4232052103818602,0.0061640298107767,0.0896873873492296,
19.499999999982265,19.966475159527405,0.4108091621143733,0.0060056884271606,0.0888160335846172,
19.59999999998217,19.997427772818742,0.3376259378249739,0.005807305058659,0.0885509571526302,
19.699999999982083,20.038879577349597,0.3721782614971879,0.0055717197466636,0.0890145628472056,
19.799999999981992,20.08030885992462,0.3791789930632421,0.0053312348064695,0.0795676025022381,
19.8999999999819,20.11274677421832,0.3286999323733169,0.0048790954560459,0.0696910219601312,
19.99999999998181,20.138486216041144,0.2701676024063126,0.0044269561056224,0.0670197898805104,
20.09999999998172,20.16324918467607,0.2602397562472299,0.003978234648178,0.0643670293855747,
20.199999999981628,20.190797534839906,0.2674398771350541,0.0035352538400623,0.0643921411405588,
20.299999999981537,20.21076638493496,0.2294796784316228,0.0030922730319466,0.0572836624872927,
20.399999999981446,20.240487835139184,0.2804146363736506,0.0030571751064424,0.0446458501726366,
20.499999999981355,20.269754336945184,0.3017481832111781,0.0030716596962676,0.0386092735086755,
20.599999999981264,20.29709170378974,0.303103422898466,0.0033000085763825,0.0331382128136981,
20.699999999981173,20.32032579997019,0.2752456125972011,0.0037517474540421,0.036224630570204,
20.799999999981083,20.34335393558098,0.2568124477107975,0.00420523722599,0.0322027366559369,
20.89999999998099,20.360463286989184,0.2075079021257802,0.0047822453351333,0.0231058033415012,
20.9999999999809,20.38107675894049,0.2094238143562439,0.0053592534442766,-0.0119018248354881,
21.09999999998081,20.395159720046728,0.1727067238910427,0.0058547591293449,-0.0071503377855967,
21.19999999998072,20.41060391586841,0.1645998689361715,0.0062078647330206,-0.0035685718436469,
21.299999999980628,20.4242089244534,0.1381869523971746,0.0065609703366963,-0.0018723222446082,
21.399999999980537,20.42963278109429,0.0796722732151485,0.0063006886660649,-0.00796918638365,
21.49999999998045,20.441269914130515,0.1000717298642122,0.0059629359537997,-0.0149685389398258,
21.599999999980355,20.450504439352517,0.082964358172967,0.0056097118856791,-0.0426442056434465,
21.699999999980264,20.46186166876593,0.0813543091404016,0.0052402839058781,-0.0433710164925593,
21.799999999980173,20.47835916546091,0.1222421054125007,0.0048777057043671,-0.0468631231104899,
21.89999999998008,20.48846235986392,0.0833820008187611,0.0048924143518575,-0.0492967774154363,
21.99999999997999,20.49452657636391,0.0581651631433089,0.0049071229993478,-0.0513157616654528,
22.0999999999799,20.5022343891442,0.0743403765372722,0.0049907980464841,-0.051525095344124,
22.19999999997981,20.51676652405528,0.1275053132445149,0.0051661568373206,-0.0502661849204208,
22.29999999997972,20.52657581505285,0.1138531976879545,0.005341515628157,-0.0490726379413136,
22.399999999979627,20.534552477305464,0.1030844764339957,0.0056182599885457,-0.0486389033594045,
22.499999999979536,20.54218009911208,0.0986258534160808,0.0059074915645629,-0.0475923829339989,
22.599999999979445,20.54310883683938,0.0438127300667001,0.0062828226271527,-0.0460487451199763,
22.699999999979354,20.552266444561283,0.0851984459023392,0.0067510385257532,-0.0444467844431237,
22.799999999979264,20.564196035790584,0.1113007407355022,0.0072193703522497,-0.0430500893861164,
22.899999999979173,20.569633790350256,0.0844708848867821,0.0077051415085376,-0.0342300513134629,
22.99999999997908,20.57602995929742,0.0738027493522601,0.0081909126648255,-0.0320957387029641,
23.09999999997899,20.58308602089563,0.070355940455694,0.0083825736952042,-0.0317982683662992,
23.1999999999789,20.579498001491665,-0.0193895044662662,0.0082931610483045,-0.0235792209936068,
23.29999999997881,20.56288220998484,-0.1255736815864236,0.0082037484014048,-0.0246702848841281,
23.39999999997872,20.55512733598645,-0.1264754295052066,0.0082953827621768,-0.0261647761822981,
23.499999999978627,20.529213072452524,-0.2368004405529661,0.0084117541642283,-0.0140637323468706,
23.599999999978536,20.509455831882317,-0.2239316497240083,0.0086751578270428,-0.0152385417218603,
23.699999999978445,20.49938833201869,-0.1380084085790819,0.0091775374200827,-0.015457670231699,
23.799999999978358,20.4842461717992,-0.1433365489961406,0.0096799170131226,-0.0156045050258019,
23.899999999978263,20.45879348454008,-0.2039018153978378,0.0096292890318148,-0.0154450630114522,
23.99999999997817,20.436516826371687,-0.199539465738631,0.0095679864545695,-0.0161458924947814,
24.09999999997808,20.413566457812763,-0.1997658384629527,0.0095990405987041,-0.0036471318929469,
24.19999999997799,20.399322904340117,-0.1647275525119381,0.009719663603926,-0.0044101209560535,
24.2999999999779,20.377180271445912,-0.2001664698615665,0.0098402866091479,-0.005467326251337,
24.39999999997781,20.356227290315605,-0.1964016497701661,0.0098733423078563,-0.0070220485456984,
24.49999999997772,20.339145863528312,-0.1781743036450384,0.0099063420520836,-0.0020198853612685,
24.599999999977623,20.3201581299824,-0.1713463209952936,0.0099267707458801,-0.003226295867619,
24.699999999977532,20.301093767993237,-0.1821667059264993,0.0099353391131383,-0.0034788677982365,
24.799999999977445,20.283606963205912,-0.1794859127195021,0.0099439074803965,-0.0055529744976176,
24.899999999977357,20.26489120129804,-0.1914632091753109,0.0096988879534829,-0.0070758640944449,
24.999999999977263,20.24819588552958,-0.1776249281119359,0.0094180866812749,-0.0090401199752123,
25.09999999997717,20.228740072004417,-0.1982474995847306,0.0091045743658308,-0.011058666621276,
25.19999999997708,20.20334980723244,-0.2532275572583983,0.0087339865874965,-0.0111217995007813,
25.29999999997699,20.17444318964172,-0.2885777453458461,0.0083633988091622,-0.0061822209530988,
25.3999999999769,20.15615349056564,-0.241464395554416,0.0080988057400929,-0.0084311197267614,
25.499999999976808,20.12473757774896,-0.3003260334976286,0.0078479097924111,-0.0106083681005802,
25.59999999997672,20.089638839281307,-0.3532610217011929,0.0075924987534045,-0.0106988158706696,
25.699999999976622,20.05170202669803,-0.370984378197534,0.0073324093479951,-0.0042979339207519,
25.79999999997653,20.008752376153037,-0.4142197896263332,0.0070716278759165,-0.0055699538033291,
25.899999999976444,19.96060882556097,-0.4481466284269684,0.0067670136480902,0.000498645576391,
25.999999999976357,19.913353230824956,-0.4588859249344684,0.0064623994202639,-0.0005978945095163,
26.099999999976266,19.857127792538435,-0.5075833912668835,0.0061712098152791,-0.0012361480352116,
26.19999999997617,19.80989309850043,-0.4815890638825734,0.0059008983124064,-0.0016189284724367,
26.29999999997608,19.76418346667388,-0.4520884888798897,0.0056305868095338,-0.0018869669812519,
26.39999999997599,19.72512603167408,-0.4034633957097223,0.0057294472445931,0.0045851253834184,
26.4999999999759,19.67467356736729,-0.4544246134635794,0.0058727973033622,0.0175725863430859,
26.599999999975807,19.627160957630423,-0.4616751565715226,0.00600728976414,0.0173356057749338,
26.69999999997572,19.58464344669678,-0.4339276315249046,0.0061322336997051,0.0164670788364171,
26.799999999975626,19.5345942774856,-0.4748608839017118,0.0062557218626026,0.0229965763591302,
26.89999999997553,19.48748209358813,-0.4575211702149897,0.0062736697123971,0.0231767334990669,
26.999999999975444,19.44050188130865,-0.4683304158800009,0.0062916175621916,0.0298798380592758,
27.099999999975356,19.39418249606438,-0.4608350993796032,0.0062938545877177,0.0356257344972967,
27.19999999997526,19.35095700025904,-0.436787175386849,0.006270831103584,0.0349662223470589,
27.29999999997517,19.305296975514796,-0.4423999824866993,0.0062478076194502,0.0335154440210701,
27.39999999997508,19.259718956668824,-0.45795562491538,0.0061854968103922,0.0330785173810517,
27.49999999997499,19.20970186863408,-0.484174178433495,0.0061180810668395,0.0321546497586336,
27.599999999974894,19.164586974814792,-0.4623636350932062,0.006099285989025,0.0301567479745754,
27.699999999974807,19.119227459232,-0.4571261765396556,0.0061322897042489,0.0347383879039798,
27.79999999997472,19.07322753794461,-0.4474346180390593,0.0061677564707056,0.0401755310009507,
27.899999999974625,19.04133493659924,-0.3527183361929106,0.0063484739253047,0.0461303817624677,
27.99999999997453,19.0044440624329,-0.3602844848676392,0.0065291913799038,0.0461205721048506,
28.099999999974443,18.965649447062447,-0.3712315317435221,0.0066112041731009,0.046157022311171,
28.199999999974352,18.92976829733206,-0.3611004723480608,0.0065653436116917,0.0514368584911819,
28.29999999997426,18.893119334425315,-0.3458101990823506,0.0065194830502824,0.0571791016659495,
28.39999999997417,18.85494688766116,-0.359435655618543,0.0063616868695789,0.0679330893903718,
28.49999999997408,18.81382483103868,-0.377711774494578,0.0061967353706748,0.0786937812155057,
28.59999999997399,18.782787685415958,-0.336291826708588,0.0061081927235743,0.07724901101455,
28.699999999973898,18.747267973150063,-0.3446794752158905,0.0060914560114358,0.0757225971574834,
28.799999999973807,18.70915749683009,-0.3800147715995914,0.0060747192992973,0.0743699358734618,
28.89999999997372,18.675873434012683,-0.3566167262405117,0.0057708440285906,0.0673077311546725,
28.999999999973625,18.639292788300555,-0.3699156650161843,0.0054535526779982,0.067532694266544,
29.099999999973534,18.61348406069283,-0.3206089165037241,0.0052446715065856,0.0668617811637213,
29.199999999973443,18.588621248976448,-0.2864079255608523,0.0052143590628943,0.0599500307161196,
29.299999999973352,18.56360448937712,-0.2867534300782102,0.005184046619203,0.0613018890841043,
29.39999999997326,18.53727291785576,-0.2937754937208777,0.0054755862496793,0.0566849927740951,
29.49999999997317,18.51640117289535,-0.2466344112578544,0.0057744705896842,0.058564473949012,
29.59999999997308,18.50333819283594,-0.1897046457006323,0.0060791317731718,0.0667026021430668,
29.699999999972988,18.48526843210693,-0.1858453128958222,0.0063892618270522,0.0692437534707266,
29.799999999972897,18.462610295199344,-0.2028838432169017,0.0066993918809326,0.0647517988961247,
29.89999999997281,18.44456351395105,-0.1704854352912397,0.0065823328690696,0.0653444288538869,
29.999999999972715,18.42199273063124,-0.200222973846229,0.0064436134875002,0.0654037790935112,
30.099999999972624,18.40259930380784,-0.1916397595669072,0.0063414830382275,0.0537791556942464,
30.199999999972533,18.38774337747308,-0.1462565737863387,0.0063034356316386,0.0445244539767597,
30.29999999997244,18.378169089959663,-0.1024910120848939,0.0062653882250496,0.0458607671823934,
30.39999999997235,18.36850341143936,-0.0842222964382161,0.0061461920794315,0.0231078051998854,
30.49999999997226,18.35274711557085,-0.112141251019379,0.0060176864603158,0.0188497068742247,
30.59999999997217,18.345779960554687,-0.0670403545352254,0.0059683338707922,-0.0192590711740496,
30.69999999997208,18.336641026473185,-0.0695449739417778,0.006001403016924,-0.0242681812739859,
30.799999999971988,18.318043372023084,-0.1369323411729377,0.0060355502216317,-0.0243778319440787,
30.899999999971897,18.29506902730873,-0.2037939451582042,0.0061308980301777,-0.0297566570806901,
30.99999999997181,18.27961358677576,-0.1811159966896688,0.0062262458387238,-0.0295354382997961,
31.099999999971715,18.262561559903045,-0.177177593740499,0.006487777938638,-0.022777924741936,
31.199999999971624,18.245392360726747,-0.1901197442705209,0.0069593618408361,-0.0215128280908937,
31.299999999971533,18.22417808151452,-0.2157224793843846,0.0074309457430341,-0.0189676619334689,
31.39999999997144,18.21069239056828,-0.1738521196523379,0.0075332164933214,-0.0237776172771763,
31.49999999997135,18.19717398977915,-0.1748172781800475,0.0075841250370392,-0.0236779609678202,
31.59999999997126,18.176933644250116,-0.1914466286464531,0.0075591354629179,-0.0237508900091178,
31.69999999997117,18.159834521929795,-0.1683794780107287,0.0074545938560068,-0.0243842108781628,
31.79999999997108,18.144762157073703,-0.1463003268770806,0.0073511840960562,-0.0255354761858566,
31.899999999970987,18.129923179355707,-0.1400635246748632,0.0073260743610331,-0.0253660508426165,
31.999999999970896,18.11712313329534,-0.1368970912083959,0.00730096462601,-0.0196019275880201,
32.099999999970805,18.10022877147188,-0.1610258312716497,0.0072622812974857,-0.0255826514180547,
32.199999999970714,18.08569608328084,-0.1417117668603929,0.0072015783027819,-0.0256323706880989,
32.29999999997062,18.074288190015366,-0.1199677158642037,0.007140875308078,-0.0260474411835794,
32.39999999997053,18.05560326625996,-0.1565872808362114,0.0072643929261786,-0.026069689636022,
32.49999999997044,18.03562147367631,-0.1842142785125474,0.007400403645432,-0.0253548612097638,
32.59999999997035,18.037055884794555,-0.0500069218078089,0.0074823161352082,-0.0246976473104372,
32.69999999997026,18.04385536293488,-0.0042820192416101,0.0075057970504871,-0.0303597068026278,
32.79999999997017,18.035301617104174,-0.0468288869309863,0.0075284689728669,-0.0354394215183242,
32.89999999997008,18.0280364415067,-0.0570273767058494,0.0074926841366715,-0.0465573913412085,
32.99999999996999,18.030754358149157,-0.0109220031347008,0.0074568993004761,-0.0702191753995067,
33.099999999969896,18.032331571012044,-0.0058337397375658,0.0075226853117148,-0.1053953508112676,
33.199999999969805,18.02838218101775,-0.0397962769808943,0.0077645555681637,-0.1223951517135304,
33.299999999969714,18.02347842181792,-0.0334776818373142,0.0080064258246127,-0.1977881382520993,
33.39999999996962,18.009247064410808,-0.1081862810102548,0.0079374762028431,-0.2415449656219754,
33.49999999996953,17.991206440350684,-0.1343756935789512,0.0078294369038612,-0.2784417783904465,
33.59999999996944,17.973927731106276,-0.1509232865271372,0.0075136255244682,-0.337702115684208,
33.69999999996935,17.955512488378808,-0.1502458334950255,0.0069799693995776,-0.3441605198370238,
33.79999999996926,17.937679365366527,-0.1547237281291438,0.0064380740086944,-0.3517234827953563,
33.89999999996917,17.91764052566962,-0.1800165842964589,0.0054434030609726,-0.3670178217011001,
33.99999999996908,17.89106820953781,-0.2369530303560482,0.0044487321132508,-0.4374384794044761,
34.099999999968986,17.87872124811222,-0.1750186466328515,0.0035396756693723,-0.4745768680759835,
34.199999999968895,17.847414606523003,-0.2674137493220561,0.0027722183312896,-0.5684316972189338,
34.299999999968804,17.840114910884694,-0.1724491512559543,0.0020047609932069,-0.559082552412684,
34.39999999996871,17.781803369684766,-0.406924460523725,0.0003995473257634,-0.5483553484200819,
34.49999999996862,17.749297265295226,-0.3038630095668804,-0.0013042691022088,-0.5522795562172804,
34.59999999996853,17.760135309799065,-0.0583567862378159,-0.0039878716648246,-0.5613776486743338,
34.69999999996844,17.701542227222333,-0.3775158143331159,-0.0082653586435044,-0.5766425506573992,
34.79999999996835,17.616151933152157,-0.6539973568740279,-0.0125428456221842,-0.6086611046882835,
34.89999999996826,17.52720083699323,-0.7931344024645808,-0.016156643070783,-0.6523470281009229,
34.99999999996817,17.4059707454181,-1.0700249233399317,-0.0197372223070863,-0.6576034693401455,
35.09999999996808,17.26944419749779,-1.2779071963195334,-0.0219197518920717,-0.6597533695089745,
35.199999999967986,17.105138989412737,-1.520875927274466,-0.0217728376637937,-0.6503613696414201,
35.299999999967895,16.94449813695802,-1.5990092062826564,-0.0216259234355157,-0.6470111465431638,
35.399999999967804,16.761935244729916,-1.7597092427702623,-0.0221104828484687,-0.6353796557519893,
35.49999999996771,16.552936753768392,-1.989493626411365,-0.0226182951085666,-0.6644659580945915,
35.59999999996762,16.31852860216755,-2.232179119697871,-0.0230750952481642,-0.7001382778165608,
35.69999999996753,16.061684327894593,-2.416640690818172,-0.0234838880598882,-0.7034875591974772,
35.79999999996744,15.799266009971854,-2.5738898978266174,-0.023893068418008,-0.7094814117243425,
35.89999999996735,15.520543224316926,-2.7114613874648024,-0.0243250407989468,-0.70608199168402,
35.99999999996726,15.264783758869118,-2.616235356783696,-0.0247570131798856,-0.7790560327696778,
36.09999999996717,15.020381687872527,-2.5209584890550136,-0.0253726955603732,-0.7999402786940571,
36.19999999996708,14.756413200369517,-2.577913049886269,-0.026213117399447,-0.7870077650216704,
36.299999999966985,14.49584843528541,-2.613848815165836,-0.0270535392385207,-0.7788355832242295,
36.399999999966894,14.217895327935564,-2.740440762583137,-0.0280115509385429,-0.8044515851557908,
36.4999999999668,13.939448069675684,-2.76108240084693,-0.0289771037292325,-0.8125058044690465,
36.59999999996671,13.6767820579227,-2.633490859463085,-0.0298820853025541,-0.8817493885072719,
36.69999999996662,13.426444352653686,-2.5679070522511065,-0.0306862359543442,-0.9095771558597214,
36.79999999996653,13.187390654137689,-2.4803117551917686,-0.0314903866061342,-0.8942447901948676,
36.89999999996644,12.966474116476135,-2.303673454419522,-0.0320718360471002,-0.8811525039541066,
36.99999999996635,12.748498590571886,-2.234355013660108,-0.0326473751759999,-0.8811097611355452,
37.09999999996626,12.54534647475146,-2.136025544927021,-0.0330472643868275,-0.9199053636775556,
37.19999999996617,12.340320038985269,-2.0631961187108527,-0.0332599706146925,-0.9025937696131572,
37.29999999996608,12.138896629297662,-2.0588903301265646,-0.0334726870974603,-0.8764544633401471,
37.39999999996599,11.936856441115795,-2.0038218748499914,-0.0337011031590208,-0.8568653744358735,
37.49999999996589,11.75022855915565,-1.9088537629370304,-0.0339295192205814,-0.8335988799414752,
37.5999999999658,11.588462624507024,-1.7178450661970583,-0.0341340877617505,-0.8106402091436956,
37.69999999996571,11.429068279804646,-1.6230069280267942,-0.0343154434416272,-0.7881886917757039,
37.79999999996562,11.277439615966308,-1.582202239790261,-0.034496396111776,-0.7671213230017745,
37.89999999996553,11.125439080368462,-1.532327319376485,-0.0346346324049099,-0.7412145838321491,
37.99999999996544,10.983121606165406,-1.4720482890611362,-0.0347728686980438,-0.7194889094871529,
38.09999999996535,10.85284772370945,-1.3822618373436006,-0.0349058373627986,-0.7018896633940935,
38.19999999996526,10.721140158887149,-1.350208771057151,-0.0350297812388659,-0.6817468085074188,
38.299999999965166,10.603081591001551,-1.2298275088744035,-0.0351537251149332,-0.6633361602453032,
38.39999999996508,10.49380113936207,-1.1492536729581668,-0.035402454598338,-0.6364654094351065,
38.49999999996498,10.38345123308113,-1.126460967054843,-0.035665656876038,-0.6010776668035046,
38.59999999996489,10.276837839698535,-1.0708805112221054,-0.0359803086541536,-0.5767268100170709,
38.6999999999648,10.18212773811243,-0.9997907452274069,-0.0363536550569029,-0.5650922745998361,
38.79999999996471,10.090008469091352,-0.9401852827531768,-0.0367270014596522,-0.5379680442259523,
38.89999999996462,10.00077872715897,-0.9177141877462136,-0.0371120639035342,-0.5009105964415101,
38.99999999996453,9.913374184121452,-0.8904834246703236,-0.0374977743619188,-0.4782858544138366,
39.09999999996444,9.828576705195225,-0.875088548439143,-0.03783700339525,-0.4714414051290095,
39.19999999996435,9.74470000114408,-0.8439904048927505,-0.0381303102908116,-0.4622008227368614,
39.29999999996426,9.671522408515788,-0.7796487608223535,-0.0384236171863731,-0.4541371223684708,
39.399999999964166,9.59438331744502,-0.7750162012760621,-0.0386646059593095,-0.4437896018841358,
39.49999999996408,9.5171627965855,-0.7695863990722946,-0.038904949082122,-0.4333790528034154,
39.599999999963984,9.446290760644327,-0.7324014453538341,-0.0391438943725701,-0.4214017099050205,
39.69999999996389,9.369077544439415,-0.7611009459210991,-0.039381455890773,-0.4050160499071475,
39.7999999999638,9.2970976705444,-0.7383151459888224,-0.03962177526364,-0.3875562635549111,
39.89999999996371,9.222629572398592,-0.7372169356890055,-0.0400672177346143,-0.372247137213528,
39.99999999996362,9.148052830360804,-0.739620462709224,-0.0405126602055887,-0.3075299250935798,
40.09999999996353,9.07119842502377,-0.7668156022786787,-0.0409378433945756,-0.2544700304937073,
40.19999999996344,8.991123115888163,-0.7757244612967181,-0.0413431351161374,-0.251311677055851,
40.29999999996335,8.91729203340605,-0.757971826594311,-0.0417484268376992,-0.2307499565702053,
40.399999999963256,8.835325869897067,-0.798205642870726,-0.0422323451479023,-0.1050104231540381,
40.499999999963165,8.752002152426734,-0.8232237122595472,-0.0427164097196235,-0.0411541127054006,
40.59999999996308,8.689526664296565,-0.6436423438879318,-0.0431974998770336,-0.001289971612916,
40.69999999996298,8.697418731098107,-0.159052348981058,-0.0436735111159499,0.0783729884718275,
40.79999999996289,8.725847113697617,0.1599362664425434,-0.0441495223548662,0.1057448451628772,
40.8999999999628,8.812306651278474,0.622204585285828,-0.0442023581603084,0.1205138471231224,
40.99999999996271,8.888783916073915,0.713019528483433,-0.0441967839551602,0.1623131717580141,
41.09999999996262,8.973170976436133,0.8213786300705895,-0.0440779467289605,0.1510025743666347,
41.19999999996253,9.07185470707068,0.9107504273500698,-0.0438165424514635,0.1115959983002681,
41.29999999996244,9.181007028770702,1.0405897549971317,-0.0435551381739666,0.0537126075667137,
41.39999999996235,9.317654052761988,1.234293272980206,-0.0431119015579817,-0.0023821167911718,
41.499999999962256,9.45246826342604,1.3283296019295894,-0.0426446132900355,-0.0022739542273097,
41.599999999962165,9.599151155697546,1.421285909040931,-0.0422447929742878,-0.0149222910638373,
41.69999999996208,9.745905293623675,1.429896441438845,-0.0419268145434494,-0.0592115969703687,
41.79999999996198,9.884320467663908,1.3998346535381851,-0.041608836112611,-0.075615172114666,
41.89999999996189,10.022207817672458,1.3797696736267446,-0.0412659395473253,-0.0730146358948967,
41.9999999999618,10.171272168590404,1.4598459076853252,-0.0409203001437623,-0.1340654357365005,
42.09999999996171,10.3342117797202,1.6014983451285167,-0.0404290088579594,-0.186942766779779,
42.19999999996162,10.5730621985584,2.1436906977404604,-0.0397034727333668,-0.2499818600230698,
42.29999999996153,10.907856533902349,2.943563912226335,-0.0389760420135333,-0.3875025277825619,
42.39999999996144,11.247453195886244,3.21472585950226,-0.0379186237999072,-0.5346095895422506,
42.49999999996135,11.480757657989017,2.588730554209445,-0.0368612055862812,-0.6381947776143531,
42.599999999961256,11.609697909190832,1.739221455100776,-0.0363305387693045,-0.6603017675912163,
42.699999999961165,11.67025060891828,1.0008895062280074,-0.0362971786682981,-0.6383243443955022,
42.799999999961074,11.69875756288313,0.5283537101682264,-0.0362886372196289,-0.5997621571780084,
42.89999999996098,11.695497581099252,0.1718732227508724,-0.0375915149182427,-0.5724401573302689,
42.99999999996089,11.676761968273246,-0.0734545341948395,-0.0388943926168564,-0.5970098487297335,
43.0999999999608,11.657295165635942,-0.1307584460604211,-0.0400685581686342,-0.6008042134830864,
43.19999999996071,11.659902357131466,-0.0272535406630651,-0.0410258441158325,-0.65073907914439,
43.29999999996062,11.69042042818286,0.1890039977142296,-0.0419831300630309,-0.7438315629731448,
43.39999999996053,11.739962480746335,0.3906495384644624,-0.0419127811317074,-0.8020776688149226,
43.49999999996044,11.821800487961264,0.693965427736923,-0.0416938530697686,-0.8490122534511035,
43.599999999960346,11.945045820966074,1.0338513425774123,-0.0414644954513756,-0.892855919432406,
43.699999999960255,12.072744944879942,1.171949132529132,-0.0412179477075371,-0.8632788124656009,
43.79999999996016,12.168739430394504,1.0084384130651765,-0.0409713999636987,-0.8604008884460927,
43.89999999996007,12.24524185051707,0.8477259257106077,-0.0415275500099414,-0.8370667640373627,
43.99999999995998,12.323309040045412,0.8087826274813413,-0.0421377109743193,-0.8434540052396652,
44.09999999995989,12.357684615211056,0.4866026458173514,-0.0428822126331022,-0.8581153983389127,
44.1999999999598,12.357055205649084,0.1686646104458593,-0.0437590488313867,-0.8637131537368817,
44.29999999995971,12.343848398238256,-0.0329100452277961,-0.0446209389605581,-0.918502300331593,
44.39999999995962,12.334657361146254,-0.0875983868645967,-0.0445405589569422,-1.0157325087606246,
44.49999999995953,12.332095140707322,-0.0381294599289006,-0.0444601789533264,-1.005421648471671,
44.59999999995944,12.3414714383915,0.0595619369032926,-0.0442617630689482,-1.036793345793501,
44.69999999995935,12.360603443186394,0.1487483462831096,-0.0438718658040641,-1.064291266931017,
44.799999999959255,12.390227021517262,0.2420887743352705,-0.04348196853918,-1.067791494052002,
44.89999999995917,12.416196276613434,0.2612359378153204,-0.043085558503706,-1.1334305449098558,
44.99999999995907,12.446762644123822,0.2982414046714359,-0.0426884745843336,-1.2424753983636745,
45.09999999995898,12.472602707939066,0.2855625012179388,-0.042227645805854,-1.316857935056128,
45.19999999995889,12.494216868601017,0.2326959907696493,-0.0417057502391995,-1.3324810289492697,
45.2999999999588,12.522814092508897,0.2783927325670367,-0.0411866761424703,-1.3330325632652682,
45.39999999995871,12.567455097118426,0.4040169527345792,-0.0409236051549441,-1.344008023568904,
45.49999999995862,12.62808810110051,0.5313309388752508,-0.040660534167418,-1.3614729969078905,
45.59999999995853,12.692112731750052,0.6100313506492764,-0.0402847130615839,-1.3961468824590837,
45.69999999995844,12.743307376873313,0.5518829056656763,-0.0397159884049335,-1.4572005673774575,
45.799999999958345,12.784652497769798,0.4450308789539126,-0.039147263748283,-1.4512092138768224,
45.899999999958254,12.813927739599809,0.3537194942488119,-0.0385590922817049,-1.4510900866097305,
45.99999999995816,12.84511778027988,0.3233875698240646,-0.037968501771218,-1.397508150757944,
46.09999999995807,12.866176940514064,0.2530339759326968,-0.0378386407217068,-1.2348641872569333,
46.19999999995798,12.888853119885155,0.2429543868841124,-0.03818938096505,-1.3002032179287433,
46.29999999995789,12.908286368269486,0.2108893920687106,-0.0385359933336724,-1.3388178984737522,
46.3999999999578,12.925739335136148,0.169022308596755,-0.0386028468491012,-1.3133083998909714,
46.49999999995771,12.925790517862367,0.0613175507247226,-0.03866970036453,-1.2963712542432275,
46.59999999995762,12.945706460349154,0.1902774038230666,-0.0385745841575783,-1.1784131078541928,
46.69999999995753,12.938945571050224,-0.0183582546792477,-0.0383281668294606,-1.0743571862487458,
46.79999999995744,12.94645708854392,0.059932383538001,-0.0380817495013429,-1.0594616388837867,
46.89999999995735,12.959862002393605,0.1527404114172202,-0.0365703246918594,-1.023969552436327,
46.99999999995725,12.971926503908207,0.1618989155975185,-0.0348773247776992,-0.9631962822281196,
47.09999999995716,13.0480633596699,0.5168022502417362,-0.0325518037751779,-0.962541667512454,
47.19999999995707,13.07168421132857,0.3785913577463256,-0.0291295834987963,-0.9382239421831384,
47.29999999995698,13.113240082761653,0.3914961491110974,-0.0257073632224147,-0.91420069261605,
47.39999999995689,13.192029703478129,0.6796756993688355,-0.0236209800894396,-0.913473899336974,
47.4999999999568,13.288420050854622,0.8594963499025378,-0.0216572993524839,-0.8776066416846768,
47.59999999995671,13.379973992759812,0.8785287399076374,-0.0203167380700724,-0.7664733957633071,
47.69999999995662,13.475904637611196,0.9385295326348662,-0.0196225721888088,-0.7263750580624461,
47.799999999956526,13.564514413954702,0.920702080538244,-0.0189336924653397,-0.7471308186171989,
47.89999999995644,13.660223686468068,0.9401666745053506,-0.0185951766115642,-0.7537847899733409,
47.99999999995634,13.751083121362276,0.916345092191979,-0.0182566607577888,-0.7942308043261569,
48.09999999995625,13.846882236455212,0.971630508624903,-0.0181305182302148,-0.7970242263701934,
48.19999999995616,13.940859047677288,0.956103972412704,-0.0183642596800365,-0.7613814105980441,
48.29999999995607,14.038480005036222,0.9569483558527028,-0.0185980011298582,-0.7622307034735217,
48.39999999995598,14.141325819443187,1.0284300688542207,-0.0192353659434354,-0.743726136169229,
48.49999999995589,14.25414081252052,1.081670179179255,-0.0198898823524195,-0.7413698649770442,
48.5999999999558,14.350699777692975,1.00598498058036,-0.0207860963279714,-0.7713284318118842,
48.69999999995571,14.453058071099566,1.0378735397418808,-0.0219126546857468,-0.7987932439401999,
48.79999999995562,14.555237376428147,1.0320807512051324,-0.0230156611663908,-0.8722528345830189,
48.899999999955526,14.651532755121243,1.017928579094546,-0.0227562002107732,-0.9793668958791292,
48.99999999995544,14.761023681878074,1.0660183367572584,-0.0224967392551555,-0.9759637485074636,
49.099999999955344,14.87043571563154,1.0675476033611906,-0.0221800635851103,-0.9635997112573832,
49.19999999995525,14.951952174787808,0.8936811045308187,-0.0217624084742145,-0.9353841573098756,
49.29999999995516,14.99120679204744,0.574699775727797,-0.0213447533633188,-0.849938573715148,
49.39999999995507,15.003814197810517,0.2635569171198731,-0.0218681378923761,-0.8273230907927778,
49.49999999995498,14.975731635836832,-0.1007639264728068,-0.0225195099945548,-0.8368700137979671,
49.59999999995489,14.966213480161867,-0.108754582917967,-0.0227256179785007,-0.8485066467861947,
49.6999999999548,14.952483919345717,-0.0993067823897433,-0.0221922037008981,-0.9099231212702664,
49.79999999995471,14.940783595476647,-0.0964522858901355,-0.0216587894232955,-0.9237868854739104,
49.899999999954616,14.91211937690912,-0.2505480433407314,-0.0199943758480077,-0.9283233318943732,
49.999999999954525,14.878906976027409,-0.3046185703239545,-0.0183175810851473,-0.969117120228459,
50.099999999954434,14.85028957577309,-0.3123076534812126,-0.0169764896419932,-1.0007491114431568,
50.19999999995434,14.803110975056184,-0.4058046424395056,-0.0159485518072857,-1.0003241875529592,
50.29999999995425,14.761622576694217,-0.4064693745282207,-0.0149206139725781,-0.9974560372983512,
50.39999999995416,14.692119331951051,-0.6571707342067747,-0.0164347778280438,-0.9829810689010676,
50.49999999995407,14.635947971835382,-0.5420487408951632,-0.0181692216198473,-0.979077563452042,
50.59999999995398,14.56485129721334,-0.6483398782134696,-0.0196054384097802,-0.9865181577632378,
50.69999999995389,14.484653342963764,-0.6683982897410139,-0.0205558066069457,-0.9798820054890204,
50.7999999999538,14.467370959395437,-0.412043924937584,-0.0215061748041113,-0.9906811154061412,
50.89999999995371,14.40769756689702,-0.5614324147449866,-0.0203317966425439,-0.9329816104678944,
50.999999999953616,14.332428785678538,-0.6736388780663717,-0.0190887904719153,-0.8747118195100428,
51.099999999953525,14.265268391507089,-0.6694304346971195,-0.0191472585469494,-0.8220306523766656,
51.19999999995344,14.192808475051894,-0.7100777089837635,-0.0206732176734959,-0.8154857327481188,
51.29999999995334,14.117204817389794,-0.7364591548341579,-0.0221991768000423,-0.8130381399246768,
51.39999999995325,14.046916105538118,-0.7205518539878836,-0.0232774827463173,-0.8196111365706107,
51.49999999995316,13.97580807706728,-0.7154644515317767,-0.024341009525661,-0.8446677119152769,
51.59999999995307,13.911765852316393,-0.6782723635017731,-0.023799037557547,-0.8493876767871491,
51.69999999995298,13.845953480620372,-0.662946758579624,-0.0215459090810396,-0.8670714924332925,
51.79999999995289,13.779318938228316,-0.6636109876624777,-0.0192860602993166,-0.8885267740961276,
51.8999999999528,13.715369724372836,-0.6450976520777846,-0.015512693226479,-0.8695867795861271,
51.99999999995271,13.65150674043457,-0.6537557353273363,-0.0117393261536415,-0.8544030649438573,
52.099999999952615,13.581740598991724,-0.6746886285767358,-0.0086469805084069,-0.8400687349666515,
52.19999999995253,13.507645395604548,-0.7262841426903548,-0.0062007246285904,-0.8221066521413295,
52.29999999995243,13.429768169756196,-0.7595556844290658,-0.0037544687487739,-0.8128160391226356,
52.39999999995234,13.363734614799926,-0.6980349414157592,-0.0021463658624436,-0.8060051916539166,
52.49999999995225,13.286770518655134,-0.7442796381594774,-0.0006482152250614,-0.8181975317354073,
52.59999999995216,13.204908955766408,-0.7938127528767658,0.0008731884434496,-0.8396286617235155,
52.69999999995207,13.12685784759978,-0.8034837663511908,0.0024329135532017,-0.8428791331279778,
52.79999999995198,13.050407510927643,-0.7662338542152229,0.0039926386629537,-0.8421027091189055,
52.89999999995189,12.977979021244147,-0.7438667116990477,0.0051939810104265,-0.8496068947008544,
52.9999999999518,12.904461820245077,-0.7590204303455799,0.0063449741282758,-0.846468394000113,
53.099999999951706,12.826642008884727,-0.7770093076335345,0.0071396704668659,-0.835912004275202,
53.199999999951615,12.75197338980772,-0.7525312713302404,0.0075428720931608,-0.8124783537729515,
53.29999999995152,12.67096877743394,-0.8128694907797507,0.0079515660772152,-0.7969958888369642,
53.39999999995143,12.569956277901197,-0.9355100334780966,0.0088610458069632,-0.8039925102250274,
53.49999999995134,12.463770937260056,-1.0265791695963518,0.0097705255367113,-0.7985028163695348,
53.59999999995125,12.356640198564978,-1.0453608048126533,0.0111122933133855,-0.7815060893488835,
53.69999999995116,12.218520311336452,-1.2843493222891194,0.0128558108437257,-0.7582289761452979,
53.79999999995107,12.067362442732868,-1.4309985091996378,0.014599328374066,-0.7339819429305585,
53.89999999995098,11.924361047682504,-1.429328873020497,0.0162859943017082,-0.7080644915411668,
53.99999999995089,11.787833294179553,-1.3950735413952444,0.0179694157881412,-0.6959828136610362,
54.0999999999508,11.635216107263853,-1.509417310517549,0.0193798730829542,-0.6944403173443594,
54.19999999995071,11.462044042062075,-1.677068467986392,0.0203446062671075,-0.7098938864345559,
54.29999999995061,11.268201333414202,-1.862130871935796,0.0213093394512609,-0.6937128178610353,
54.39999999995052,11.075691838527668,-1.9188401080159332,0.0221268246331566,-0.6835317531771589,
54.49999999995043,10.879698571983042,-1.9390647738954248,0.0229267953155367,-0.6568437960828336,
54.59999999995034,10.694145822383607,-1.9082876142097691,0.0238480897215969,-0.6369661467809106,
54.69999999995025,10.500120615176138,-1.9096747930454436,0.0249007977796871,-0.6234650727985077,
54.79999999995016,10.31409784250938,-1.8819567643780457,0.0259535058377773,-0.6083591510973555,
54.89999999995007,10.128909406130342,-1.8718525445409315,0.0262295748452271,-0.606648223594572,
54.99999999994998,9.94324597609345,-1.876935544930334,0.0264731527790217,-0.5888696350540867,
55.09999999994989,9.761022518034803,-1.850399070784195,0.0261279478436781,-0.5700594243317203,
55.1999999999498,9.573970764171952,-1.843287575116352,0.0251864679841322,-0.5497671220052402,
55.299999999949705,9.382398436931718,-1.8713787541536877,0.0242526443982561,-0.5271835324938037,
55.399999999949614,9.200479228625134,-1.8463922382437437,0.0237070968555205,-0.5040997985799,
55.49999999994952,9.020974668538564,-1.835648794109452,0.023161549312785,-0.4833835490906177,
55.59999999994943,8.827613631734097,-1.88800267280596,0.0226966478991496,-0.4615219508977778,
55.69999999994934,8.650101344177616,-1.7963318952153595,0.0223713170414942,-0.4342254689706416,
55.79999999994925,8.465143248309262,-1.835157397229199,0.0220459861838388,-0.3976937163438876,
55.89999999994916,8.283004549168409,-1.8183145604352455,0.0219365471538035,-0.3824552502472144,
55.99999999994907,8.10788568017979,-1.7916490077470222,0.0218576774725622,-0.367683960464913,
56.09999999994898,7.932624687032781,-1.7868078312581,0.0217884407426276,-0.3559015609633679,
56.199999999948886,7.774071743656223,-1.6652306012142335,0.0217298612983734,-0.3442045401616284,
56.2999999999488,7.630640871168544,-1.5119444879439898,0.0216744785506442,-0.3337332141801249,
56.399999999948704,7.499787271323981,-1.3781380778888497,0.0219338995906442,-0.3245009679329008,
56.49999999994861,7.385528245666003,-1.2298027945974552,0.0221933206306442,-0.314962870050903,
56.59999999994852,7.29211211097517,-1.0536582874464806,0.0223539281717898,-0.3097675119250963,
56.69999999994843,7.212503241224349,-0.8797645954240043,0.0224211191048919,-0.304615673715532,
56.79999999994834,7.128484768528017,-0.8686354623967174,0.0224833495658203,-0.3017051972012495,
56.89999999994825,7.041165618112828,-0.8758249880828815,0.0222758926588687,-0.3034025609867365,
56.99999999994816,6.950913557094133,-0.8935727673924846,0.0220684357519171,-0.3181226486090922,
57.09999999994807,6.867503301366399,-0.8505839224278666,0.0216171574639142,-0.3169868343358869,
57.19999999994798,6.781110963715144,-0.8713013074964076,0.020746339716627,-0.3190040506814092,
57.299999999947886,6.683784002655916,-0.945213612028924,0.0198755219693397,-0.3348390252145825,
57.3999999999478,6.580117265226256,-1.0166091974346283,0.0190028679846015,-0.3315710419217159,
57.4999999999477,6.474008818694674,-1.0301544834500889,0.0181301116519986,-0.3146136107962402,
57.59999999994761,6.375216644809488,-1.0209400533658328,0.0174191951531509,-0.2842001496453238,
57.69999999994752,6.263318276546972,-1.073465153622103,0.0168653860325847,-0.2588826252191132,
57.79999999994743,6.144019190327728,-1.1543044071993156,0.0163174579719571,-0.2471178905120583,
57.89999999994734,6.013787506036148,-1.25143064761609,0.0161053802174356,-0.2286506096200103,
57.99999999994725,5.884090090855417,-1.2912237974395375,0.0158933024629142,-0.217114522978015,
58.09999999994716,5.744452069245619,-1.3574017862215435,0.0158543840587832,-0.205732387048954,
58.19999999994707,5.60772421167661,-1.3901429264684015,0.0161211947971446,-0.1941054531433526,
58.29999999994698,5.463578563844304,-1.4065264096960968,0.016388005535506,-0.1845343870214406,
58.399999999946886,5.318721647812916,-1.4528631537755152,0.0160820673712094,-0.1724468941016844,
58.4999999999468,5.182155857471352,-1.4034927072398795,0.0157430534713628,-0.1603458996196863,
58.599999999946704,5.057131113900075,-1.2911818031509257,0.0156533412224418,-0.1456344987996286,
58.69999999994661,4.95728860542907,-1.0982036839679514,0.0158677957142418,-0.1370541023782948,
58.79999999994652,4.8829882725355285,-0.8611493289256732,0.0160822502060418,-0.1329929442204689,
58.89999999994643,4.819006144304424,-0.7235143570914256,0.0160846380476037,-0.1295871468013195,
58.99999999994634,4.755539149925918,-0.6787480424384846,0.0160563671588355,-0.1240614122956847,
59.09999999994625,4.6904056044952345,-0.6566886354439615,0.0161378388143039,-0.1186679235366541,
59.19999999994616,4.6329634704815765,-0.6119596569152181,0.0164012075351361,-0.111577377142464,
59.29999999994607,4.576061458570269,-0.5849564324325526,0.0166645762559683,-0.0924195001217059,
59.399999999945976,4.515735774956009,-0.6078925934679286,0.0167638789370257,-0.079986617678214,
59.499999999945885,4.4547013324498765,-0.6028380747572673,0.0168391684143711,-0.0683991939596257,
59.599999999945794,4.399214136641273,-0.5777868356864483,0.0168804751340311,-0.0625617159354286,
59.6999999999457,4.342293707366725,-0.5663757589865434,0.0168857591335043,-0.0616484465910101,
59.79999999994561,4.29926584941594,-0.4688985050712882,0.0168910431329776,-0.0604914633129087,
