t,vEgo,aEgo,roll,targetLateralAcceleration,steerCommand
0.0,31.99972152709961,0.1077071502804756,-0.0287459798245039,-0.2188962715882608,-0.07062540328507169
0.099999999999909,32.003073380744205,0.0697491198259727,-0.0297842857792299,-0.4079996742193661,-0.07072761073995626
0.1999999999998181,32.00894934486159,0.0497582564162333,-0.0308225917339559,-0.3513030736574042,-0.0769734335617361
0.2999999999997271,32.02524766410426,0.1247108885040377,-0.031713206385455,-0.3597929430289085,-0.08380205868846902
0.3999999999996362,32.029175631072995,0.0666132776121358,-0.032122681935135,-0.3520588529721287,-0.08394087605617209
0.4999999999995452,32.03398615679567,0.0482831845280297,-0.032532157484815,-0.3432145062149234,-0.10463263450236585
0.5999999999994543,32.04667866270745,0.099525127401681,-0.0329845810971166,-0.3473421120701209,-0.10635995183711454
0.6999999999993634,32.05199019099746,0.0693095685996937,-0.0334507172943955,-0.3128899701238559,-0.12152455150994555
0.7999999999992724,32.05736291708347,0.0516866525627821,-0.0339200646478342,-0.3142051520061722,-0.11618474903859603
0.8999999999991815,32.06090258484775,0.0380281451288939,-0.034400321506475,-0.29022080906432,-0.11758119611282233
0.9999999999990904,32.05980621249071,-0.0044157633386237,-0.0348805783651158,-0.3050408893305629,-0.12333571511217271
1.0999999999989996,32.06232140327638,0.017299037111511,-0.0353939681831915,-0.3074191050151778,-0.12383893641594682
1.1999999999989086,32.063258929813955,0.0090773369933207,-0.0359191383690699,-0.3016683468125491,-0.14171604526571852
1.2999999999988177,32.05981239545826,-0.0297516786163145,-0.0363730622010546,-0.3051841781973435,-0.1475864058649062
1.3999999999987267,32.05793995914362,-0.0156941782889135,-0.0365999953077722,-0.273499910254073,-0.15249160187661212
1.4999999999986358,32.049079850960744,-0.0604754326977896,-0.0368269284144899,-0.2646179540946907,-0.17395682079326802
1.5999999999985448,32.03747757890079,-0.1104079062117279,-0.0371666159087814,-0.2586888008341182,-0.17412576071663077
1.699999999998454,32.04229068624358,-0.0004732872722997,-0.0375421431451376,-0.2213529700148737,-0.1871672523200844
1.799999999998363,32.029600324786884,-0.0895682737344568,-0.0378739261611478,-0.2243814002785051,-0.18895774623034656
1.899999999998272,32.01944854839719,-0.1071919201725534,-0.038073771963286,-0.2014229745223359,-0.170568220593549
1.999999999998181,32.021941290564186,-0.0220188023845123,-0.0382736177654242,-0.1999219343103809,-0.15945882782153553
2.09999999999809,32.01239357723353,-0.0681275675760499,-0.0382253232188147,-0.2347636425734733,-0.13500066102553232
2.199999999997999,32.00437329274056,-0.0766765409036312,-0.0380951229202342,-0.2547494508149716,-0.11774887310284722
2.299999999997908,32.00011635498625,-0.057550772341087,-0.038018666306137,-0.3005108508345483,-0.1164474043831329
2.399999999997817,31.9918460541604,-0.0743020379235522,-0.0381093020975048,-0.334089053863555,-0.12141936639980666
2.4999999999977263,31.98354272479249,-0.0820615739440245,-0.0381999378888727,-0.3374778856346906,-0.11755789355472299
2.5999999999976358,31.975354560720863,-0.07742047898852,-0.0379762391750045,-0.3259357388437557,-0.10431891158458062
2.6999999999975444,31.96971543252162,-0.0772515019671499,-0.0376402148574264,-0.3299645287436689,-0.07451299541372015
2.7999999999974534,31.95585589558308,-0.1185213924155661,-0.0372984748641492,-0.3516453457737231,-0.06933489470663165
2.8999999999973625,31.94670413761435,-0.1041419563880905,-0.0369392997618902,-0.4041737810163815,-0.07275916121070879
2.9999999999972715,31.9244375444772,-0.1801854011839581,-0.0365801246596312,-0.410428956667224,-0.06652024896554352
3.099999999997181,31.918346312941285,-0.0688696487959679,-0.0362320291423046,-0.4006185338106536,-0.07243898855151008
3.1999999999970896,31.897629622582976,-0.1314686997761542,-0.0358880242908428,-0.4089938735787029,-0.06753806784949842
3.2999999999969987,31.873237311493355,-0.2179967542688136,-0.0356100790083473,-0.3952623775880871,-0.06866576344646737
3.399999999996908,31.851618097758525,-0.2131385824932283,-0.0355496049085179,-0.403904917527525,-0.07554433810604667
3.4999999999968168,31.81045361110112,-0.3266108041842746,-0.0354891308086885,-0.4013250761365061,-0.07640108606081482
3.599999999996726,31.758567488684477,-0.450798556399308,-0.0356930540482295,-0.3906361040787491,-0.08969898688928422
3.699999999996635,31.709634352812422,-0.4867552294231341,-0.035993822959007,-0.3921462127884061,-0.08119991920922877
3.799999999996544,31.65825640651982,-0.493136948200771,-0.0363089159555584,-0.3706057460915122,-0.08974579023224627
3.899999999996453,31.603350629468206,-0.5174740930398809,-0.0366674330869555,-0.3901677327571002,-0.09117790493562952
3.999999999996362,31.554880940766356,-0.5243973170387458,-0.0370259502183527,-0.3779495314256724,-0.0967317638803234
4.099999999996271,31.501391602915486,-0.5427032106873496,-0.0371906191665673,-0.3771083497781414,-0.11417911473074167
4.19999999999618,31.4402567648589,-0.5814003561492185,-0.0372933248592576,-0.3680326559830476,-0.11092916491510353
4.299999999996089,31.37076327057758,-0.6076451291225895,-0.037367944900066,-0.3366313021387994,-0.12219636690438392
4.399999999995998,31.29452661141408,-0.700650690826588,-0.0373564868451082,-0.3429234886157334,-0.12325137468652465
4.499999999995907,31.226589424136296,-0.6901136813743205,-0.0373450287901503,-0.3222303109383653,-0.11351887677219234
4.599999999995816,31.157912580926617,-0.6827676114392881,-0.0378453394921856,-0.3255362238251209,-0.11786458872518049
4.699999999995725,31.087852304831348,-0.6825321857072223,-0.0385251990441035,-0.3505695156925801,-0.10802042117652384
4.799999999995634,31.0251829011911,-0.6218645110430994,-0.0391204116851887,-0.3486842435873883,-0.11447134646945419
4.899999999995544,30.95944877157571,-0.6644112545835051,-0.0394494433781135,-0.3703718214166992,-0.12226595798993858
4.9999999999954525,30.9027764557069,-0.6085074879328977,-0.0397784750710382,-0.3619846931446353,-0.12106907224837311
5.099999999995362,30.837825751461946,-0.6077302842275376,-0.0398795939304028,-0.3489516728418084,-0.12506867218496423
5.199999999995271,30.77573046838112,-0.6151304255530792,-0.0399070682438102,-0.3517360388936055,-0.13793416930309096
5.29999999999518,30.712926999862532,-0.6192337620157392,-0.0399669689867857,-0.3453003379480293,-0.1451523575334838
5.399999999995089,30.6538633863354,-0.5995061504389928,-0.0401334711112813,-0.3236287574162713,-0.1597210104400922
5.499999999994998,30.59867051344451,-0.5604592842450785,-0.0402999732357769,-0.3123235482738737,-0.1777058884147654
5.599999999994907,30.541744622429945,-0.5856242174961359,-0.0402898323261002,-0.2857928005319656,-0.20002948296279827
5.699999999994816,30.496901902648165,-0.487326106102515,-0.0402217653047339,-0.2522851553588147,-0.2004221219369633
5.799999999994725,30.436555821611968,-0.5497671180149647,-0.0401337647514669,-0.2105812211939801,-0.20826486416715587
5.899999999994634,30.382499238846947,-0.548852818711382,-0.0399850952852389,-0.2088441818613794,-0.21660921653552445
5.999999999994543,30.330077165977706,-0.5164889968129334,-0.0398364258190109,-0.1932941925197305,-0.2567215117796231
6.099999999994452,30.27317246621037,-0.5582413024768677,-0.0394383056928611,-0.1744114738427337,-0.2603618410975517
6.199999999994361,30.224760340617596,-0.5251617049126001,-0.038953417267598,-0.0952381901970514,-0.25276099767335997
6.29999999999427,30.174068785212523,-0.5152240652863985,-0.0385041319979146,-0.08454684144761,-0.24562550246527703
6.399999999994179,30.123254608310656,-0.4959814043083076,-0.0381739477514155,-0.0961124603331282,-0.24465806509557947
6.499999999994088,30.06437056994999,-0.563168817627556,-0.0378437635049164,-0.1068204105691712,-0.24776118961938284
6.599999999993997,30.01685622273432,-0.4922991165005357,-0.0377532703002036,-0.1082241405017584,-0.23245600306296207
6.699999999993906,29.953791933891612,-0.564757196996525,-0.0377459065628535,-0.1030173677625025,-0.2003144130678808
6.799999999993815,29.908502181993686,-0.5033398903055409,-0.0377685808246234,-0.1320744346725377,-0.19074518225448003
6.8999999999937245,29.86344936078761,-0.4542195168599037,-0.0378888937486806,-0.1927724612492887,-0.1788490194236059
6.9999999999936335,29.81944647838929,-0.4587652673123149,-0.0380092066727378,-0.2117802240167665,-0.178660310303976
7.099999999993543,29.782594728854043,-0.4051870107312337,-0.0379004706728199,-0.2326405343940157,-0.17904144966007077
7.199999999993452,29.74345298559791,-0.4006113306987405,-0.0377218492906212,-0.2315134053503286,-0.17215078850682972
7.299999999993361,29.714072485858367,-0.3260813166638375,-0.0375167919859206,-0.2290228858337828,-0.12862313586774635
7.39999999999327,29.672523909626616,-0.3797323248510776,-0.037233900607424,-0.2390253556055976,-0.13090048160902315
7.499999999993179,29.644948531144745,-0.3004296709348754,-0.0369510092289275,-0.3147866103560115,-0.1097885818954912
7.599999999993088,29.61757062913177,-0.2757018462600286,-0.0363223073300558,-0.3046829661786911,-0.08514824253829031
7.699999999992997,29.60527734111252,-0.1746577014635813,-0.0355837873160125,-0.3352646358290091,-0.0754383686214693
7.799999999992906,29.57165616329896,-0.2669742843273389,-0.0349037097626445,-0.3726349452646529,-0.06927160678995115
7.899999999992815,29.56511304346824,-0.1760147826121157,-0.0344193518283513,-0.3851666737800931,-0.0677425632063339
7.999999999992724,29.537492857293174,-0.224291124992592,-0.0339349938940582,-0.3914455472936807,-0.07293688478170236
8.099999999992633,29.52495621898461,-0.1406346041309754,-0.0331429930117951,-0.3864268329981973,-0.07452114458886938
8.199999999992542,29.49897379507211,-0.2052122769533826,-0.0322396674148797,-0.3684296620577497,-0.07676983819687361
8.299999999992451,29.49862905072245,-0.0777722509788771,-0.0315929962317884,-0.3592802079493005,-0.07764433089188806
8.39999999999236,29.521906329007617,0.1353073618194329,-0.031774565088508,-0.3570010282925298,-0.07707273428402495
8.49999999999227,29.56078763329352,0.288994758938648,-0.0319561339452276,-0.3571097236427985,-0.0894088946065593
8.599999999992178,29.6005912363736,0.3728301189984672,-0.0320592663103093,-0.3590152899031524,-0.08978296644521265
8.699999999992087,29.637460020907163,0.3956812030929219,-0.0321344288316156,-0.337671026573821,-0.10066758279261187
8.799999999991996,29.6883818167755,0.4877657928287439,-0.0322479147056759,-0.3379362333040023,-0.11465471150684252
8.899999999991905,29.747398737679507,0.5614299205774037,-0.0324742643892143,-0.3204867914446087,-0.12146935698063206
8.999999999991815,29.82809374169365,0.7329870734209532,-0.0327006140727526,-0.2972912642535762,-0.1289597077912479
9.099999999991724,29.909547473760497,0.769677704424039,-0.0332552255477596,-0.2900913502795799,-0.15178855708732047
9.199999999991633,30.00255023862833,0.8787630039517714,-0.0339134545212922,-0.2825684231653736,-0.15796437377887337
9.299999999991542,30.08432153046617,0.8485186585474558,-0.0346234397722318,-0.2476809112862502,-0.1564779708072755
9.39999999999145,30.193197998467284,0.9898799165012152,-0.0355008419604694,-0.2443414368785459,-0.1761806605636661
9.49999999999136,30.292741302845982,1.0140197338795824,-0.036378244148707,-0.2550180571254374,-0.18113362772404792
9.599999999991269,30.40278856610633,1.0493387827438214,-0.0370953053734903,-0.225135660766339,-0.1809246884141007
9.699999999991178,30.49013650470481,0.9324348694445278,-0.037760413492659,-0.2218757604566003,-0.1812119543906506
9.799999999991089,30.560360298235523,0.7812945906699454,-0.038322294612886,-0.227236198060996,-0.18042136337155984
9.899999999990996,30.63601295171805,0.773855799199731,-0.0385865536708612,-0.2287171540174476,-0.1852517739513223
9.999999999990903,30.68796084314953,0.5921842689060584,-0.0388508127288364,-0.2323785044789,
10.099999999990814,30.753714085053087,0.6333717517793354,-0.0388995191095579,-0.2233699616764447,
10.199999999990723,30.81466581060224,0.6358003142619262,-0.0388708788856419,-0.2205433164709999,
10.299999999990632,30.87419537634658,0.6007212491748073,-0.038816479479653,-0.2182546701189676,
10.39999999999054,30.94156383816122,0.6573956058722218,-0.0386796190205532,-0.2146420580083538,
10.49999999999045,31.001039436424705,0.611979720600151,-0.0385427585614533,-0.2094082057849745,
10.59999999999036,31.071533519543177,0.6562721574491339,-0.0386616120943467,-0.2201729492186669,
10.699999999990268,31.13117221511508,0.6270820291590489,-0.0388721645222934,-0.2237161817760528,
10.799999999990176,31.185641248768583,0.5786682573433518,-0.038982796942772,-0.2270396586541287,
10.899999999990088,31.250016028573256,0.621567577219607,-0.0388014902530569,-0.2168631349381856,
10.999999999989996,31.30475714632718,0.5667203018062414,-0.0386201835633417,-0.2163487938395911,
11.099999999989905,31.36270208690331,0.5851748047783704,-0.0385481009558316,-0.215243525682634,
11.199999999989814,31.40463068641723,0.498559488938873,-0.0385173311525188,-0.2163910577524142,
11.299999999989724,31.445806265757824,0.4319060156892907,-0.0383580363775497,-0.21091307889148,
11.399999999989632,31.500311210048,0.51539639716034,-0.0377840802779644,-0.202499318640613,
11.49999999998954,31.534262273337152,0.4093077758445922,-0.0372101241783792,-0.1784433439556665,
11.59999999998945,31.559109591030037,0.2948735045991705,-0.0367705635930418,-0.1747358293960727,
11.69999999998936,31.589704517434143,0.3022537370464782,-0.0363750911617573,-0.1700184050048924,
11.799999999989268,31.60605279298248,0.2142139330527629,-0.0359054327944378,-0.1628780771775858,
11.899999999989175,31.61267687512821,0.1137133897504232,-0.0351898657832942,-0.1557827154834497,
11.999999999989086,31.61534362147295,0.0638314958039527,-0.0344742987721506,-0.1409670982893352,
12.099999999988995,31.5892883977115,-0.1605648751292633,-0.0336544374421866,-0.1285295732083272,
12.199999999988904,31.57767553610213,-0.1367767900316372,-0.03279444045846,-0.1239434458492542,
12.299999999988811,31.5583123006962,-0.1802358706612891,-0.031810620978079,-0.1138822449310703,
12.399999999988722,31.5360322583996,-0.2234754889641113,-0.030433026746235,-0.0831014113381118,
12.499999999988631,31.50805891377484,-0.2601512890419116,-0.0290554325143909,-0.0631322490936937,
12.59999999998854,31.46502837788356,-0.3814227716488846,-0.0278138180934715,-0.0675636858153788,
12.69999999998845,31.407891737674,-0.5088868275547234,-0.0266149995960509,-0.0528873769079605,
12.799999999988358,31.339620527464582,-0.5980600629589873,-0.0254560625148394,-0.043574614283464,
12.899999999988268,31.257621165061373,-0.7519712508956218,-0.0244116473218221,-0.0502280878650692,
12.999999999988177,31.18828515064529,-0.7093672631967584,-0.0233672321288049,-0.0475902944494748,
13.099999999988086,31.15549324303667,-0.4284177839035095,-0.02235567898986,-0.0914857330036077,
13.199999999987996,31.15003561401288,-0.206706781648199,-0.0213553888946562,-0.0842191765637774,
13.299999999987904,31.13712995670296,-0.1724599900974457,-0.0202983627036265,-0.065883384629836,
13.399999999987813,31.12349507225379,-0.1373837133418885,-0.0190792308836431,-0.0536966802218992,
13.499999999987722,31.1067087220892,-0.1562112380439488,-0.0178600990636596,-0.0541154524181122,
13.59999999998763,31.09693559668851,-0.1098958541556182,-0.0170587591407539,-0.0613745524663694,
13.69999999998754,31.08467924524681,-0.1121188374696274,-0.0163928184868818,-0.065164864630494,
13.799999999987447,31.07032664045034,-0.1342508938324323,-0.0156263564402796,-0.0866901852223355,
13.899999999987358,31.048657754365145,-0.1957234415230795,-0.0145559167963309,-0.0788673525787027,
13.999999999987269,31.040911754919023,-0.1083859670648219,-0.0134854771523821,-0.0739958254939827,
14.099999999987176,31.01862557934447,-0.1660764729816425,-0.0124399730453748,-0.0308730675604733,
14.199999999987083,30.999622644935243,-0.1987601305385794,-0.0114037054926555,-0.0316449471008806,
14.299999999986994,30.970313965981106,-0.2708914944501207,-0.0104119351074041,-0.1804658118834742,
14.399999999986903,30.894123958328223,-0.5911519419397904,-0.0095658678359021,-0.036814964872121,
14.499999999986812,30.81433608542729,-0.7360471240137421,-0.0087198005644,-0.0224355940096748,
14.59999999998672,30.71748333772924,-0.880375400116142,-0.0084076028983963,-0.0775789354657186,
14.69999999998663,30.615232331010112,-0.9786977955774376,-0.0082816201870789,-0.0956931891694631,
14.79999999998654,30.59050688193917,-0.4766049046638716,-0.0082733359485539,-0.112180327948715,
14.899999999986449,30.611839353891405,-0.0592291836491928,-0.0086502574414135,-0.0996618559369824,
14.999999999986358,30.643240024227467,0.1630698248440408,-0.009027178934273,-0.0921168430575107,
15.099999999986268,30.65602660109551,0.1409818089697054,-0.0091408835921633,-0.1002194585906341,
15.199999999986176,30.66454308583509,0.1063150269860956,-0.0091413205459973,-0.064526153539668,
15.299999999986085,30.67054665296229,0.0793642802525569,-0.0091617396129208,-0.0142408938727503,
15.399999999985994,30.682551222409067,0.0934642873728074,-0.0092478939604899,-0.0493832257269936,
15.499999999985905,30.69500582831063,0.1141174725779474,-0.0093340483080591,-0.1173132529623402,
15.599999999985812,30.696833140425674,0.0573560217405348,-0.0088227731834002,-0.1465478649725216,
15.69999999998572,30.704711618688197,0.07975805286028,-0.0080989401164171,-0.2245440541085858,
15.79999999998563,30.711950812946707,0.0423636985867555,-0.0073641628540473,-0.3963630419101821,
15.89999999998554,30.72146580440216,0.0641362051056061,-0.0065933604730343,-0.5946256046419892,
15.999999999985448,30.729184416269483,0.0764093309836161,-0.0058225580920213,-0.7119450907776557,
16.099999999985357,30.739131474443848,0.0820962904690513,-0.0048970214523676,-0.7651624879146179,
16.199999999985266,30.752314255365786,0.1144330210463488,-0.003911745272044,-0.8705011894975291,
16.299999999985175,30.754462405529708,0.0500576470881561,-0.0028417319143774,-0.9253015642415294,
16.399999999985084,30.76869194656423,0.1001936121566906,-0.0015141496591127,-0.8084712050409074,
16.499999999984993,30.77547102814583,0.0803494623448817,-0.000186567403848,-0.7160546245834128,
16.599999999984902,30.787585980030865,0.1031402798536376,0.0006505187795169,-0.6344120273931193,
16.69999999998481,30.79539855000479,0.1060395388993704,0.0013045803044644,-0.5941965101901447,
16.79999999998472,30.7926864072176,-0.000264800028806,0.0018489790795857,-0.588015967239566,
16.89999999998463,30.79681817958936,0.0320535821290866,0.0020390725378316,-0.5161118148711195,
16.99999999998454,30.80159811616812,0.042422510916228,0.0022291659960775,-0.4481309203202469,
17.099999999984448,30.81132053876188,0.0825912587105411,0.0019805997018111,-0.3587801348326829,
17.199999999984357,30.83323378425533,0.1934293096372384,0.0015884590684754,-0.2186719509937924,
17.299999999984266,30.86736528396249,0.2970703467643815,0.0012188384320892,-0.1953179183041687,
17.399999999984175,30.91012004085798,0.3840732273716788,0.0009153600907441,-0.205813765135268,
17.499999999984084,30.95639883995396,0.4315275354848156,0.000611881749399,-0.1955262172295027,
17.599999999983993,30.998174515123942,0.4260528374334468,0.0012956747664452,-0.1642411390470863,
17.699999999983902,31.04684966586785,0.4634491920070339,0.0023265909776757,-0.0447627109889279,
17.79999999998381,31.103909166099346,0.5136715220923745,0.0029442807645927,0.0522208269322736,
17.89999999998372,31.1583229512782,0.5257858358626392,0.002318688836121,0.1457698146875687,
17.99999999998363,31.21676992534025,0.5749074955275857,0.0016930969076494,0.3313253798863573,
18.099999999983535,31.275508636878115,0.5934835298302265,0.0004357889150148,0.3467301631256191,
18.199999999983447,31.34060435351517,0.6303572083516344,-0.0010615844773867,0.4786954329754717,
18.29999999998336,31.41408014660982,0.6821295618067409,-0.0025289364819021,0.4691397719512628,
18.399999999983265,31.498137453629127,0.7871822719924352,-0.0039105443404778,0.4603564022730985,
18.49999999998317,31.576481001986053,0.7995353022678633,-0.0052921521990535,0.3953626405250411,
18.599999999983083,31.650204629039266,0.7495461376866878,-0.0057969075095916,0.3457408015280756,
18.699999999982992,31.73911067129664,0.8457045194367264,-0.0060166043757462,0.3016594373725763,
18.7999999999829,31.824844879315023,0.8633321994470579,-0.0062381437717452,0.2694756393743721,
18.89999999998281,31.90484160171049,0.8125537062726161,-0.0064652181327114,0.2640664220786292,
18.99999999998272,31.984190568881367,0.7933985741149615,-0.0066922924936777,0.2682007012246402,
19.09999999998263,32.04662514608808,0.6867796347782072,-0.0072507054747288,0.270685328781417,
19.199999999982538,32.127236167882685,0.7649012057229975,-0.0079325407810774,0.2833877162587626,
19.299999999982447,32.21418895189011,0.8323579386575494,-0.008583099552296,0.2898561484986508,
19.39999999998236,32.28442342876974,0.7479561088170291,-0.0091292234819263,0.2941038827884085,
19.499999999982265,32.34941800041433,0.6784997261768526,-0.0096753474115567,0.2875093119246284,
19.59999999998217,32.410942862874805,0.6382364435290192,-0.0102015564256304,0.2805569737573344,
19.699999999982083,32.47168833606692,0.6275307743165354,-0.0107206922540061,0.3433899116708706,
19.799999999981992,32.53037820589905,0.5994914703459021,-0.0112708370365553,0.5694936687155226,
19.8999999999819,32.58934766814183,0.6011322327366067,-0.0119140888010332,0.6057953262192962,
19.99999999998181,32.63950772613457,0.533109732969552,-0.0125573405655111,0.5849434159233448,
20.09999999998172,32.68417170256643,0.4730084213522709,-0.0127151768262792,0.4657170077024847,
20.199999999981628,32.73458044436522,0.5035149607187426,-0.0127039882377214,0.2931656451327803,
20.299999999981537,32.76967611932971,0.4052254786293846,-0.0125301876596052,0.2744640817518087,
20.399999999981446,32.79384312867706,0.2793448312823851,-0.0117973684903913,0.2679314271138855,
20.499999999981355,32.813940940231355,0.2199908236099746,-0.0110645493211773,0.2754295562278978,
20.599999999981264,32.80849882890683,0.0533460648663482,-0.0104496317668405,0.293448591566736,
20.699999999981173,32.807710596568214,0.0097496305369819,-0.0098748345836473,0.3040768544683424,
20.799999999981083,32.82651151657082,0.1226425342253786,-0.0094804305647349,0.2882641356954301,
20.89999999998099,32.84782017626899,0.1910834114720663,-0.0095806822894845,0.2631971498103574,
20.9999999999809,32.868969309576855,0.2056784326000586,-0.009680934014234,0.2533243604570677,
21.09999999998081,32.885517127636604,0.162912389513554,-0.0095711531467459,0.180612717617913,
21.19999999998072,32.90774656461559,0.213240600387578,-0.0093877383928002,0.1490190742471237,
21.299999999980628,32.917146766537336,0.1440023036715887,-0.0091059764533282,0.1597924585591963,
21.399999999980537,32.92922517128897,0.1103714701783217,-0.0085029826121489,0.1537009747781999,
21.49999999998045,32.95143672021104,0.1774991528561026,-0.0078999887709696,0.1402409884701757,
21.599999999980355,32.96055866318932,0.1353210359221483,-0.0076932661983166,0.1353006194447285,
21.699999999980264,32.95882053362498,0.0331453642393932,-0.0076243598511237,0.0944752512483474,
21.799999999980173,32.962010602169414,0.0232442911801897,-0.007621174880416,0.0487624157358506,
21.89999999998008,32.96588959185424,0.0369552145562588,-0.0078151019352788,0.0346793965468131,
21.99999999997999,32.96232927829703,-0.0062696943142885,-0.0080090289901415,0.0340169303856114,
22.0999999999799,32.950750719125935,-0.0855228577618296,-0.0081401653455423,0.0223650435425408,
22.19999999997981,32.93908442303692,-0.1029664904684481,-0.008248311850456,-0.0038151502305306,
22.29999999997972,32.93059362680439,-0.0750770545438358,-0.0083221537373109,-0.0135296720963272,
22.399999999979627,32.919783555327655,-0.0979333542686985,-0.0082822248079521,-0.0139233781736112,
22.499999999979536,32.908652005357474,-0.1171112909701248,-0.0082422958785933,-0.0135069221450892,
22.599999999979445,32.895538886675666,-0.1210208759463626,-0.0079128373208622,-0.0178329167445978,
22.699999999979354,32.876630463475415,-0.1616892837552564,-0.0074906319650752,-0.0119229710046656,
22.799999999979264,32.86528925737208,-0.133315663082841,-0.00707574388006,-0.0176659134018574,
22.899999999979173,32.85929617519035,-0.0808702763366545,-0.0066853143087826,-0.012686677259457,
22.99999999997908,32.8460458109879,-0.1209805104857936,-0.0062948847375053,-0.0099273940800652,
23.09999999997899,32.83318181403111,-0.1284641064740165,-0.0060475465742217,-0.0049888691000383,
23.1999999999789,32.819649867239754,-0.1323293415992809,-0.005852744591009,-0.0244597154254252,
23.29999999997881,32.802906699226114,-0.1541937900013936,-0.0056670272501352,-0.0248694831768822,
23.39999999997872,32.78423219455913,-0.1743970555210177,-0.005511041944228,-0.0271609834742058,
23.499999999978627,32.77438937285226,-0.1353075537239761,-0.0053550566383209,-0.0270379089698938,
23.599999999978536,32.76192427291359,-0.1289093327813067,-0.0054712074893955,-0.0257021503768086,
23.699999999978445,32.74805765842722,-0.1485463224033355,-0.0056842343925221,-0.0470498530494341,
23.799999999978358,32.735762664597296,-0.1300334199733343,-0.0058767647631166,-0.0504337106785066,
23.899999999978263,32.723033209559574,-0.1222479996884418,-0.0060037420530178,-0.0566541161874543,
23.99999999997817,32.71003979928664,-0.1277075662695589,-0.006130719342919,-0.0378267026331122,
24.09999999997808,32.70120206894267,-0.1051855592668199,-0.0062187246156063,-0.0035054697274244,
24.19999999997799,32.68987793926415,-0.1047502991538716,-0.0062922899786681,-0.0037641201495154,
24.2999999999779,32.67224585985088,-0.1546913822760338,-0.0063749752958104,-0.0065916287529527,
24.39999999997781,32.654769530012786,-0.1697255805930765,-0.0064885219013034,-0.0102602976532156,
24.49999999997772,32.64201982777088,-0.1306558502416075,-0.0066020685067964,-0.0114749021544539,
24.599999999977623,32.62248973883717,-0.1666108551526597,-0.0068652910384529,-0.0131128194172854,
24.699999999977532,32.6050070935879,-0.1756087162162201,-0.0071761100366487,-0.0157858531027791,
24.799999999977445,32.58861915593408,-0.1701265385263307,-0.0074575243483695,-0.0197791830265919,
24.899999999977357,32.56962259820088,-0.1776466876550905,-0.0076537375815405,-0.0249261890741535,
24.999999999977263,32.54884219442234,-0.2076787627424425,-0.0078499508147115,0.0266679907192891,
25.09999999997717,32.53545461076174,-0.1662591092037504,-0.0075786639267135,0.0686944623095821,
25.19999999997708,32.519715766296954,-0.1578938515913844,-0.0071402419541297,0.0688552223058118,
25.29999999997699,32.4996165685871,-0.1856953419960379,-0.0068205953263948,0.0685748824742496,
25.3999999999769,32.483891335605634,-0.1710152385428003,-0.0068930829132782,0.0662723385935498,
25.499999999976808,32.46956444477847,-0.1493866905559654,-0.0069655705001616,0.0506421611920081,
25.59999999997672,32.44558965965141,-0.2054897034537949,-0.0072664852442967,0.0356129593773563,
25.699999999976622,32.428399632812386,-0.1887814496731716,-0.007650192715804,0.0549844501590222,
25.79999999997653,32.4037535674542,-0.2272455856340511,-0.0079089450005023,0.0385892659545089,
25.899999999976444,32.37905379409175,-0.2353650282839481,-0.0078046616371754,0.0238279821406942,
25.999999999976357,32.35873430462681,-0.2123421579448031,-0.0077003782738484,0.0358249525792043,
26.099999999976266,32.33560608638713,-0.2264916370098933,-0.0075257031206638,0.0390816584893614,
26.19999999997617,32.31459282154262,-0.2151075192546884,-0.0073280207325766,0.0090825564596106,
26.29999999997608,32.293549272878955,-0.2148523693985078,-0.0071163138629678,-0.0127368007747388,
26.39999999997599,32.26163353938363,-0.2832039179231125,-0.0068627730651334,-0.0163470291576478,
26.4999999999759,32.23421989357193,-0.2793718442884599,-0.006609232267299,-0.0063911432287566,
26.599999999975807,32.21076827839415,-0.2445195168972371,-0.0063470101343112,0.006236482894605,
26.69999999997572,32.18511267502423,-0.2513780187153611,-0.0060812236185198,-0.0007767728823303,
26.799999999975626,32.16385651720125,-0.233500299776595,-0.0058196847540816,-0.0073059010971658,
26.89999999997553,32.16769673115343,-0.009254450819813,-0.0055699401264523,-0.0228421991352217,
26.999999999975444,32.177040550135764,0.1133872323092781,-0.005320195498823,-0.0524600426371392,
27.099999999975356,32.20335209090644,0.2103232309154617,-0.0052021821563365,-0.05107293755702,
27.19999999997526,32.236366561091124,0.2694434042797168,-0.0051346387132945,-0.0419935787842549,
27.29999999997517,32.26863513710518,0.3006660306465181,-0.005176124489827,-0.0431224335942628,
27.39999999997508,32.303021401071945,0.3303305582391853,-0.0055350350075558,-0.0428501848549632,
27.49999999997499,32.33153325518114,0.3130873537497741,-0.0058939455252845,-0.0602235404226835,
27.599999999974894,32.36216029322849,0.2954992168389602,-0.0055485497603063,-0.0593314678666356,
27.699999999974807,32.38653994936552,0.2584669742501938,-0.0049819055281135,-0.0528440542242523,
27.79999999997472,32.41563390842645,0.2783128150177544,-0.0044001889972351,-0.0374893908643142,
27.899999999974625,32.437179261417775,0.2333480149132976,-0.0037708804914997,-0.0303010563033193,
27.99999999997453,32.46188396421996,0.2402214777512726,-0.0031415719857644,-0.0176781522776171,
28.099999999974443,32.48239637741829,0.2238272337598432,-0.0027464974132136,0.0117963166701463,
28.199999999974352,32.50225330787988,0.2006891104242742,-0.0024267054548767,0.0328807382086504,
28.29999999997426,32.53145990323893,0.2475171428641217,-0.0022924765552752,0.0318573566444731,
28.39999999997417,32.55824199393884,0.2668271115909119,-0.0026934254007819,0.0404231697343271,
28.49999999997408,32.581777943983,0.2491194697671937,-0.0030943742462887,0.0474780883275675,
28.59999999997399,32.598783628416435,0.1901513455550133,-0.0037991125886876,0.0348017732715656,
28.699999999973898,32.62622231199348,0.2526420083315673,-0.0046151192367481,0.0331572143776241,
28.799999999973807,32.64614406339122,0.2300943911386439,-0.0052551710108385,0.0491687175873093,
28.89999999997372,32.65984041474342,0.1595758228313075,-0.0054101852610891,0.0498188333957917,
28.999999999973625,32.69138231637076,0.2552142706668981,-0.0055651995113396,0.0621684861739985,
29.099999999973534,32.71700646594412,0.2741206783047583,-0.0054892360089554,0.0667860536592163,
29.199999999973443,32.73721127989307,0.225702033923885,-0.0053300859124435,0.0687747197629121,
29.299999999973352,32.76080934481586,0.2210760269444636,-0.0051114405818548,0.0711724219878608,
29.39999999997326,32.77902537447773,0.2034491004606621,-0.004694511716564,0.0591917008726391,
29.49999999997317,32.78792927650895,0.1305687461317313,-0.0042775828512731,0.0654202719497766,
29.59999999997308,32.800839942952656,0.1143835718850621,-0.004006737349443,0.0645737548840078,
29.699999999972988,32.816194529483866,0.1498216463720413,-0.0037883164305841,0.0703619932163394,
29.799999999972897,32.82806856993691,0.144420705886749,-0.0036898129252244,0.0388281040864409,
29.89999999997281,32.83723125159119,0.0956657798001586,-0.0039446828737434,0.0366205993312512,
29.999999999972715,32.84921844034855,0.1023250682506243,-0.0041995528222623,0.0305624685890185,
30.099999999972624,32.84820960841968,0.0420006163799746,-0.0043523841111604,0.0283661578719441,
30.199999999972533,32.84163289977817,-0.0357051202499507,-0.0044670652115836,0.0169719612818985,
30.29999999997244,32.844047421661884,0.0011073511096268,-0.0045958326625794,0.0152661543690961,
30.39999999997235,32.851749299469375,0.0625967508859963,-0.0047656490365221,-0.0080462068821403,
30.49999999997226,32.85747156944108,0.0520156497896125,-0.0049354654104647,-0.0071334886082678,
30.59999999997217,32.867344830256016,0.0643031776129391,-0.005136052735934,-0.0187064740133939,
30.69999999997208,32.88196861113975,0.1259637068336286,-0.0053477764227262,-0.0209660502668536,
30.799999999971988,32.88237559311193,0.0593758871855187,-0.0055168380534861,-0.024696913703475,
30.899999999971897,32.880492640314394,-0.0040524220116995,-0.0055509139070877,-0.0265736944231115,
30.99999999997181,32.88380450885148,0.0217560275245759,-0.0055849897606892,-0.0236685840390453,
31.099999999971715,32.88155516139736,0.0016176226312417,-0.0057362690311542,-0.0301068901972577,
31.199999999971624,32.884839980828886,0.0127363772238184,-0.0059302865204633,-0.0396714742590227,
31.299999999971533,32.89800302630396,0.0773941363698736,-0.0060190951919598,-0.0390351135405787,
31.39999999997144,32.89934393924631,0.0445848039111984,-0.0058057100132909,-0.0240650118846368,
31.49999999997135,32.88822257500695,-0.0584227590690278,-0.005592324834622,-0.0181276990028044,
31.59999999997126,32.87030684229163,-0.1501932422194918,-0.0055303273678472,-0.0200657308073723,
31.69999999997117,32.85338994857863,-0.1461282526525791,-0.0055242792404643,-0.0235681571769846,
31.79999999997108,32.8257458926645,-0.2285563044667864,-0.005502543488939,-0.032384350939428,
31.899999999970987,32.800732218229754,-0.2595736493715371,-0.0054337806950571,-0.0318382875619876,
31.999999999970896,32.7781594519619,-0.2316151132137012,-0.0053650179011753,-0.0292618812917077,
32.099999999970805,32.742861169446506,-0.2932294675138873,-0.005289707475136,-0.0361744948401404,
32.199999999970714,32.7089722969684,-0.33561961631533,-0.0052121916270079,-0.031417080882182,
32.29999999997062,32.68567829752516,-0.2719266351534386,-0.0050402211606552,-0.0575650742818548,
32.39999999997053,32.65945738448227,-0.2390556277184021,-0.0045809582187624,-0.0638068310223579,
32.49999999997044,32.64886736825922,-0.1533541717149088,-0.0041216952768697,-0.0573959961985119,
32.59999999997035,32.65810971790826,0.0018736310043878,-0.003450542581231,-0.0731026199995918,
32.69999999997026,32.66867692340456,0.0857270176975121,-0.002703046189056,-0.0777282660872727,
32.79999999997017,32.669373582658544,0.0500111832504989,-0.0020476045503659,-0.0622407780108941,
32.89999999997008,32.679939885781714,0.0688683074383624,-0.0016688378336721,-0.0599837039357946,
32.99999999996999,32.69915295079877,0.1594018124799728,-0.0012900711169783,-0.0457456998066881,
33.099999999969896,32.70789480496978,0.1251004534151958,-0.001171176604824,-0.0362187313166488,
33.199999999969805,32.721206432506264,0.1120517324954191,-0.0011345016699984,-0.0369835518973405,
33.299999999969714,32.734949310584,0.1292680205482273,-0.0012867549547667,-0.0351714373161877,
33.39999999996962,32.747162718900114,0.1407486230045765,-0.0020619047992268,-0.0278888680423721,
33.49999999996953,32.75719965340533,0.1034466888803207,-0.0028370546436869,-0.0360467207095737,
33.59999999996944,32.77695372888448,0.1478522381284503,-0.0035728285392535,-0.0435925806953573,
33.69999999996935,32.79841990335477,0.189613665543426,-0.0042962252834009,-0.0509219611649565,
33.79999999996926,32.804653218961775,0.1170872977773912,-0.004886615943276,-0.035710774214256,
33.89999999996917,32.81955806061194,0.1277935181559529,-0.005043808794868,-0.0282891508145406,
33.99999999996908,32.83759658385394,0.1633892857973282,-0.00520100164646,-0.0200659383370562,
34.099999999968986,32.84995244687308,0.1488828061011632,-0.0052864473611783,-0.0038335278560301,
34.199999999968895,32.86941430593417,0.1685170521023993,-0.0053457768831105,0.0215770803309641,
34.299999999968804,32.89801879583012,0.2386555138896316,-0.0053412494462742,0.0201460464333229,
34.39999999996871,32.91913101888334,0.2204095598427435,-0.0051254515827959,0.0301073290569043,
34.49999999996862,32.94139392520624,0.2231275760713424,-0.0049096537193177,0.03763350445995,
34.59999999996853,32.957390493997025,0.1849689546595652,-0.0047946116545876,0.0327113452082969,
34.69999999996844,32.977705420872795,0.200281170019182,-0.0047161166640344,0.0424374897197665,
34.79999999996835,32.99383915961553,0.1709379934402202,-0.0046544532762789,0.0666814346628968,
34.89999999996826,33.01149483744968,0.1656952592996664,-0.0046401402799025,0.0665290382978697,
34.99999999996817,33.035253478202804,0.2190006521746347,-0.004625827283526,0.0672259388940286,
35.09999999996808,33.0609388616819,0.2445504669590385,-0.004506946786081,0.07177845888034,
35.199999999967986,33.08851054980286,0.2611331050022225,-0.0043518965413183,0.0551495698885508,
35.299999999967895,33.11864841279526,0.2945906278452674,-0.0043063781442742,0.0526764431012188,
35.399999999967804,33.13949767905789,0.2451489847249692,-0.0045771910952403,0.0462175156138273,
35.49999999996771,33.15316297139234,0.1640699678730098,-0.0048480040462064,0.0383777435663785,
35.59999999996762,33.16595665159862,0.1342356007965774,-0.0046124514442274,0.034177661263905,
35.69999999996753,33.17129518629515,0.0910413940806659,-0.0041966855888882,0.0474600409113069,
35.79999999996744,33.17037870611453,0.0298490475086221,-0.0039376365886973,0.0538640346254613,
35.89999999996735,33.17509633207978,0.0364304976924271,-0.0041680602021139,0.0588373939082848,
35.99999999996726,33.18911090369478,0.1083887626315982,-0.0043984838155305,0.0466679861442902,
36.09999999996717,33.19927428554654,0.1086825900295499,-0.0044735449738247,0.0332260960055644,
36.19999999996708,33.20341937646103,0.0542436496387306,-0.0044918166125879,0.0338392280495748,
36.299999999966985,33.21229858288204,0.0696484304107021,-0.0043597477712916,0.034026925184324,
36.399999999966894,33.21625141898946,0.0623351061342665,-0.0037815377824101,0.0319684283795471,
36.4999999999668,33.22251779030955,0.0658850074221181,-0.0032033277935287,0.0350868388674636,
36.59999999996671,33.22901665472104,0.0607105224428438,-0.0026174239258272,0.0197886018172651,
36.69999999996662,33.24332220896624,0.105273518114963,-0.0020286652647392,0.0190729980561005,
36.79999999996653,33.254011486322455,0.1160597894455647,-0.0015269500418109,0.0081166623143253,
36.89999999996644,33.26238106758189,0.0986949323725325,-0.0013141286744274,-0.0398412599327387,
36.99999999996635,33.27678596158454,0.1207485098932505,-0.001101307307044,-0.0235536305072059,
37.09999999996626,33.28553228571224,0.0963676003777526,-0.0009758934878455,-0.0674633750087483,
37.19999999996617,33.294193190673035,0.090895617737427,-0.0008794962423572,-0.0892388808723638,
37.29999999996608,33.29868522939084,0.0588980541795152,-0.0008156334522794,-0.0800962660378823,
37.39999999996599,33.307367110692624,0.0723869597274245,-0.0008574484251134,-0.0833071034121396,
37.49999999996589,33.32239135461592,0.1203582539302114,-0.0008992633979475,-0.0862591199639452,
37.5999999999658,33.3316810265204,0.1065815043958383,-0.0009739509093337,-0.0969620304177789,
37.69999999996571,33.33524463038416,0.057241376421326,-0.0010596680895024,-0.091388723317983,
37.79999999996562,33.34378062984576,0.0704336832268531,-0.0011167137728212,-0.0844953366140163,
37.89999999996553,33.35938260347921,0.1218799012049575,-0.001091225526262,-0.092155971828225,
37.99999999996544,33.367299615108784,0.0989321976832513,-0.0010657372797029,-0.0797701172965158,
38.09999999996535,33.381831590331146,0.1249203174307216,-0.0007839831773569,-0.0777872538659905,
38.19999999996526,33.39026866779213,0.0905517917707246,-0.0004126816861856,-0.0744365214932771,
38.299999999965166,33.3971237934982,0.0829154871897929,-5.62767660756654e-05,-0.0700503490378087,
38.39999999996508,33.389979632513935,-0.0051131363397631,0.0002565364711739,-0.0560822818413038,
38.49999999996498,33.38630565829304,-0.0329676819201794,0.0005693497084235,-0.0493786851625001,
38.59999999996489,33.38685711769953,-0.0143266777915199,0.0002316036509256,-0.0462422473272946,
38.6999999999648,33.385517203083346,-0.0033715757970931,-0.0003219905419186,-0.0431593287818406,
38.79999999996471,33.37284490782187,-0.0822915043373449,-0.0009890219788799,-0.0448923065201951,
38.89999999996462,33.36384308286536,-0.0938963059701676,-0.002026988277121,-0.0393675288309563,
38.99999999996453,33.35434190860906,-0.1125229908082959,-0.0030649545753622,-0.0373140608252912,
39.09999999996444,33.34097359012266,-0.1176423686728222,-0.0036780249347775,-0.0352765909441044,
39.19999999996435,33.318920393270986,-0.17776418422657,-0.004149663605522,-0.0303695495324478,
39.29999999996426,33.30117752237648,-0.1756345302457112,-0.0046436880584352,0.0001462889948562,
39.399999999964166,33.290769310863915,-0.1283880450894303,-0.0052076564273693,0.0299410327490688,
39.49999999996408,33.2794470409811,-0.1110263710395612,-0.0057716247963033,0.0240032195630713,
39.599999999963984,33.275575255988414,-0.0618149162703895,-0.0058509081633221,0.0536115367479604,
39.69999999996389,33.27471076768004,-0.0389732007298965,-0.0057573209500286,0.0714779107423122,
39.7999999999638,33.270649465264654,-0.0311600525509756,-0.0055666325252876,0.0907289480442042,
39.89999999996371,33.26485153024237,-0.0427463038442844,-0.005058372024145,0.1269666366085972,
39.99999999996362,33.259901494038274,-0.0504232603077089,-0.0045501115230024,0.1391176050607777,
40.09999999996353,33.255616327024285,-0.045645272010345,-0.0042466704918287,0.134636485287749,
40.19999999996344,33.250096398317154,-0.0373077306141076,-0.0040114762028388,0.1302166978875658,
40.29999999996335,33.2375313483427,-0.0958365564093347,-0.0038481575972914,0.114928053751094,
40.399999999963256,33.23242356289105,-0.0751991486334381,-0.0039216494433272,0.1098903279859346,
40.499999999963165,33.232228336913444,-0.0192954454145965,-0.003995141289363,0.1085928388570668,
40.59999999996308,33.22474501104437,-0.0491720318790484,-0.0042759469316783,0.1082120686518612,
40.69999999996298,33.21902914203412,-0.0661207121538643,-0.0046204419477948,0.0933312424554732,
40.79999999996289,33.21564330126955,-0.0521541250058368,-0.0048855160616528,0.0891397727003712,
40.8999999999628,33.21561817917218,-0.0029570450654282,-0.004899791006676,0.0774361028949881,
40.99999999996271,33.2089457927801,-0.0420377711710177,-0.0049140659516991,0.058618631385661,
41.09999999996262,33.21347271429529,-0.0034536301682799,-0.0050076068773388,0.0619750789552553,
41.19999999996253,33.22435808214215,0.0761818762305426,-0.005129236378723,0.0614948017057498,
41.29999999996244,33.23193313723025,0.0893350291846721,-0.0051981941173786,0.0602548129419184,
41.39999999996235,33.24027644899314,0.071954553512216,-0.0050921960012178,0.0603888799220492,
41.499999999962256,33.250891463078055,0.0751303763035714,-0.004986197885057,0.0562742798170635,
41.599999999962165,33.26308886876975,0.1221818040327268,-0.0049020894173187,0.0569051359079296,
41.69999999996208,33.264008750940704,0.0600299147991973,-0.0048265730514924,0.0516397621605812,
41.79999999996198,33.27997854550456,0.1047754886530201,-0.0047996000113525,0.0016857710988733,
41.89999999996189,33.296789356451626,0.1367779949820527,-0.0049313172850407,-0.0212080314842883,
41.9999999999618,33.31224395441557,0.1641185032990606,-0.0050630345587288,-0.0040076303847022,
42.09999999996171,33.322467549501134,0.1202034981192441,-0.0048886380590779,-0.0052841465736258,
42.19999999996162,33.3379384396619,0.1207674250500662,-0.0045989813634573,-0.0153448134667749,
42.29999999996153,33.3630007337949,0.21628269315484,-0.0043538507529008,-0.0145862742656304,
42.39999999996144,33.37479945065079,0.1709043750808142,-0.0042577408878362,-0.0221765857532201,
42.49999999996135,33.38556389879952,0.1176859852379049,-0.0041616310227715,-0.0163015218144283,
42.599999999961256,33.39667433831922,0.0944137106389373,-0.0041655714993068,-0.0204555506906418,
42.699999999961165,33.42945406543158,0.2419661273694572,-0.0042044438837685,-0.0314079323713501,
42.799999999961074,33.43950112566353,0.1667541025001325,-0.0042597313516749,-0.1034289695713185,
42.89999999996098,33.455016533921366,0.1413690127132933,-0.0043686514945617,-0.1014926812636841,
42.99999999996089,33.4783292207516,0.1948252320640042,-0.0044775716374485,-0.1015996446648363,
43.0999999999608,33.501327072919864,0.2456903300701687,-0.0042538240943824,-0.1017511343470691,
43.19999999996071,33.51889078154722,0.200601947910846,-0.0039102154074114,-0.0836574933803575,
43.29999999996062,33.53931960931557,0.180393885015027,-0.0036540690748222,-0.0903764284839328,
43.39999999996053,33.56921434158633,0.2542301691394909,-0.0036566143767073,-0.0787922729577805,
43.49999999996044,33.590967439319336,0.2540289774757159,-0.0036591596785923,-0.0782626231969203,
43.599999999960346,33.6066523661289,0.1871099091617266,-0.0042029594088236,-0.0734061869411171,
43.699999999960255,33.62190884088668,0.1383002756681876,-0.004944376412599,-0.037709712545958,
43.79999999996016,33.64840674349576,0.2236414169190944,-0.005713370826172,-0.0078779003925227,
43.89999999996007,33.66432768233958,0.1975366562886887,-0.0065613662648778,0.0663278581175091,
43.99999999995998,33.68466996373246,0.1966656991481066,-0.0074093617035836,0.1263222196710443,
44.09999999995989,33.70641979328101,0.1888843666556827,-0.007867215300488,0.1405212992061067,
44.1999999999598,33.7292880224226,0.2242642626024486,-0.0081738140243915,0.2688752108249426,
44.29999999995971,33.74320239295522,0.1830536361749303,-0.0084797169263035,0.589527027773612,
44.39999999995962,33.754422148228926,0.1238765522683376,-0.0087834927076851,0.6549697891700369,
44.49999999995953,33.77783144443078,0.184586344010503,-0.0090872684890668,0.6365736402108341,
44.59999999995944,33.796542835609635,0.1927597965995059,-0.0095099848983259,0.5622162346342612,
44.69999999995935,33.805625232086896,0.1506358061697875,-0.0099840216649811,0.5233017403184121,
44.799999999959255,33.81455841396855,0.1041962778669961,-0.0103204038784387,0.5204633505581865,
44.89999999995917,33.827880981862315,0.1141425933219052,-0.0101924889016078,0.4980192492911209,
44.99999999995907,33.84911667466092,0.1909970730150696,-0.0100645739247769,0.4740997471875169,
45.09999999995898,33.86972124545644,0.2251628965145301,-0.0100037621432252,0.3195321617372875,
45.19999999995889,33.88957770126457,0.1963407710890873,-0.0099689101754936,0.1598120468922671,
45.2999999999588,33.91187575264655,0.1879267857042806,-0.009804546125483,0.1952642487119052,
45.39999999995871,33.92988488629655,0.180083339489483,-0.0092075227965162,0.1576634061448075,
45.49999999995862,33.94900935055969,0.2098505672762633,-0.0086104994675494,0.1599083838539871,
45.59999999995853,33.96570552462848,0.1908851774026655,-0.0081798936932541,0.1762525229131737,
45.69999999995844,33.98463265321845,0.1730181336273782,-0.0078086693734123,0.1561272284399652,
45.799999999958345,34.00593496520349,0.1924858391405392,-0.0074686321694436,0.0655461271125144,
45.899999999958254,34.014177674355246,0.1393453186808385,-0.0072295822182871,0.0097198462297063,
45.99999999995816,34.00971407629905,0.0145325954328601,-0.0069905322671306,0.1187410065585932,
46.09999999995807,34.011848903798075,0.0128242450690652,-0.0066494023493373,0.2812881874690873,
46.19999999995798,34.016202071042954,0.0402200441752215,-0.006277154967644,0.2938076271645337,
46.29999999995789,34.01067814522724,-0.0175260416270726,-0.0061159964949931,0.2675166196815902,
46.3999999999578,34.0190427378155,0.0574021781362533,-0.0066708879383147,0.1931627482644954,
46.49999999995771,34.03579618451632,0.0763812737347345,-0.0072257793816362,0.1580311316235718,
46.59999999995762,34.03361294534996,-0.0230547045975385,-0.0072419238655603,-0.0255959505622005,
46.69999999995753,34.02728566400484,-0.0910697016660602,-0.0070578896793309,-0.090785506854433,
46.79999999995744,34.03134743879007,0.0211922153011714,-0.0068228315844521,-0.0410883644940987,
46.89999999995735,33.989110844271416,-0.2720465272318455,-0.0064352870021966,-0.0339830318929035,
46.99999999995725,33.988334464021165,-0.1413833666402561,-0.0060477424199411,0.0457496680311193,
47.09999999995716,33.86764417379681,-0.7482862248238265,-0.0058107717011,0.0468530731602866,
47.19999999995707,33.83127450732128,-0.5748805991746128,-0.0056298520456604,0.3552070906137901,
47.29999999995698,33.76735953249009,-0.6205910094258946,-0.0056863431890933,0.5465519650720889,
47.39999999995689,33.758628105131265,-0.3279202906218435,-0.0064325749279707,0.0374161690469845,
47.4999999999568,33.75851444593273,-0.1251430853252448,-0.0071788066668482,-0.1843496731008072,
47.59999999995671,33.75328453490872,-0.1021814462284562,-0.006429138389108,0.0335268559929205,
47.69999999995662,33.71623135274002,-0.3003106645772221,-0.0051795150096446,-0.0740382272261747,
47.799999999956526,33.691484181992855,-0.2752674703586152,-0.0042261277143054,-0.1324301305171051,
47.89999999995644,33.635336384514034,-0.5166723409313624,-0.0042990380449475,-0.3948702675708189,
47.99999999995634,33.60352914414972,-0.4708888522827772,-0.0043719483755896,-0.4748186154093575,
48.09999999995625,33.57675352647248,-0.3652429339163597,-0.004207568365256,-0.4474339657737682,
48.19999999995616,33.54689297417979,-0.3139529563158411,-0.0039611440173994,-0.4510795164539003,
48.29999999995607,33.534163480021135,-0.1736322962873011,-0.0037627984284786,-0.430559792923212,
48.39999999995598,33.47992535589406,-0.351661752373281,-0.0037198558804659,-0.4005334704143456,
48.49999999995589,33.44484059428628,-0.4372519265941778,-0.0036769133324533,-0.3881844460924219,
48.5999999999558,33.39803786800162,-0.4947195769360725,-0.0033198253368464,-0.3973938989549855,
48.69999999995571,33.399227485961056,-0.1297386858066007,-0.0028632246216498,-0.4459875638608086,
48.79999999995562,33.36171484664926,-0.2399768537221935,-0.0023416274423862,-0.4273483842675905,
48.899999999955526,33.340039562973395,-0.2373599613208495,-0.0016338773309267,-0.379634945787458,
48.99999999995544,33.313281116958905,-0.2529238858062972,-0.0009261272194673,-0.2751300902369658,
49.099999999955344,33.268516969589264,-0.3548594700540688,-0.0004589067247827,-0.1942352155190242,
49.19999999995525,33.227253638945896,-0.3674646203059822,-7.544267110261521e-05,-0.1923816604670782,
49.29999999995516,33.18921341066831,-0.3919535985916311,0.0001053649360095,-0.180173437747146,
49.39999999995507,33.16499705082184,-0.297410475102069,-0.0003426880312678,-0.1768859737922921,
49.49999999995498,33.13951793262344,-0.2576498367477798,-0.0007907409985451,-0.1823260499277556,
49.59999999995489,33.10299139816828,-0.3374701762441472,-0.0011898782183987,-0.1807174437504397,
49.6999999999548,33.07557728046633,-0.3085970798273149,-0.0015736524248587,-0.180638184492722,
49.79999999995471,33.05072605614663,-0.2685980137114434,-0.0018299270200125,-0.157343423941905,
49.899999999954616,33.018588111841666,-0.2834661644837294,-0.0017209702991939,-0.1550332334416074,
49.999999999954525,32.98303978577314,-0.3276395781934377,-0.0016120135783753,-0.1410425432433969,
50.099999999954434,32.98467073615243,-0.0744202686224616,-0.0017279439764259,-0.1145199020960465,
50.19999999995434,32.98037434337784,-0.0410717960646458,-0.0019224152233312,-0.1062128609753447,
50.29999999995425,33.00344946822082,0.1129078268896797,-0.0020020056222028,-0.106597452326883,
50.39999999995416,33.03122120160239,0.2266645281786178,-0.0016998160400348,-0.1020872664055575,
50.49999999995407,33.04418991056743,0.1696616256685319,-0.0013976264578668,-0.0841498176840195,
50.59999999995398,33.03951244126873,0.0190623450666517,-0.0012343016886696,-0.0756022238187418,
50.69999999995389,33.022721483426665,-0.1148888902409503,-0.0011205495803722,-0.0716167557188789,
50.7999999999538,32.998858693980054,-0.1781207597839999,-0.001077776439044,-0.0705284185333219,
50.89999999995371,32.96921880684817,-0.2459610935211825,-0.0012643132227971,-0.0714447209664757,
50.999999999953616,32.93977207678211,-0.2786108932519899,-0.0014508500065502,-0.0767485461023047,
51.099999999953525,32.91684297398478,-0.2473550652962446,-0.0013098338659525,-0.0764187432585221,
51.19999999995344,32.89517960873896,-0.2202027366949898,-0.001045330550527,-0.0736971501831392,
51.29999999995334,32.86520571411342,-0.2754473829718564,-0.0007596455000386,-0.0701657156092992,
51.39999999995325,32.840351945830335,-0.2678517825580774,-0.0004070791926197,-0.0686679307964341,
51.49999999995316,32.816034549845305,-0.2610746584769594,-5.45128852007481e-05,-0.0709402747761621,
51.59999999995307,32.78178458850557,-0.325194531620837,0.0002678940089672,-0.0548970516686408,
51.69999999995298,32.74879816925092,-0.3324106768984902,0.0005795494501467,0.0143487408835775,
51.79999999995289,32.704383327476066,-0.4141337624075537,0.0007704068706371,0.0107515153381003,
51.8999999999528,32.66876877342346,-0.3855849631740261,0.000615325032304,0.0148684385747862,
51.99999999995271,32.63062855233067,-0.379525379108547,0.000460243193971,0.0227349256894536,
52.099999999952615,32.59571320749564,-0.367509071541484,-3.910260262121498e-05,0.0295546415164992,
52.19999999995253,32.57696375301749,-0.2426788546446337,-0.0006602127707807,0.0223790460707244,
52.29999999995243,32.549383409684886,-0.2622063660552761,-0.0012137589762364,0.0200363158574109,
52.39999999995234,32.52347815244699,-0.2841708351993334,-0.0015737825397615,0.0123913822391884,
52.49999999995225,32.501875532627686,-0.2459866651042691,-0.0019338061032867,-0.0010950503874618,
52.59999999995216,32.46220466485246,-0.3287590575328218,-0.0021518171657326,-0.0094667196860569,
52.69999999995207,32.43483128109644,-0.2909924635676336,-0.0023183338753833,-0.0233878887528022,
52.79999999995198,32.40825648220171,-0.2718171712796119,-0.002300418909981,-0.0163471315797327,
52.89999999995189,32.39854933817308,-0.166833156230585,-0.0017546342036866,-0.0264126568298765,
52.9999999999518,32.37321694828822,-0.2153367054746031,-0.0012088494973923,-0.0109278112551544,
53.099999999951706,32.355835323333416,-0.198245563451433,-0.0011662922238736,-0.0075939391880845,
53.199999999951615,32.32860123007075,-0.232246643302389,-0.0013066115570295,-0.0068242637597742,
53.29999999995152,32.30855954353342,-0.2031500986149508,-0.001577606787909,-0.0093944611614872,
53.39999999995143,32.2997030992569,-0.1223394050139478,-0.0022206975604356,-0.0133354136985426,
53.49999999995134,32.288157078096646,-0.1174711819899322,-0.0028637883329623,-0.0224949115549299,
53.59999999995125,32.28263439831682,-0.0883828679128096,-0.0032054302275104,-0.0254174886655126,
53.69999999995116,32.27383479111881,-0.074279779625053,-0.0034458855005666,-0.0244379226275547,
53.79999999995107,32.25383720751474,-0.1514460703788986,-0.0037118287033487,-0.0138668678316192,
53.89999999995098,32.24220872080917,-0.1438536853730425,-0.0040587583299713,-0.0045084306902355,
53.99999999995089,32.23290068341879,-0.1067869062167122,-0.0044056879565938,0.0164153240643347,
54.0999999999508,32.22720570215158,-0.0573514689572128,-0.0046713449135516,0.0036350509738317,
54.19999999995071,32.21619476158628,-0.0960072753143248,-0.004906847622822,-0.0031161211058916,
54.29999999995061,32.21792552274543,-0.0350615402297993,-0.0050660070919358,-0.017033626594199,
54.39999999995052,32.212771310453824,-0.0333861935040729,-0.0049752111648119,-0.0181858210899787,
54.49999999995043,32.209490273586695,-0.0449099998031898,-0.0048844152376881,-0.0204018997471115,
54.59999999995034,32.21321000286056,0.0024221667175346,-0.0045294034523745,-0.0076062583353571,
54.69999999995025,32.20146599283533,-0.052932715739575,-0.0040925384779826,-0.0033394503770702,
54.79999999995016,32.191608047683964,-0.1100745287026515,-0.0037850461091328,-0.000559849161104,
54.89999999995007,32.19099561767312,-0.0485618012742959,-0.0038900495458873,-0.0010356549840784,
54.99999999994998,32.187856242943624,-0.0194665801657612,-0.0039950529826418,-0.0037963026082276,
55.09999999994989,32.17619488196723,-0.0872783970240798,-0.0041399189254249,-0.0088510205213347,
55.1999999999498,32.173241775944526,-0.0610829807639883,-0.0042985408846128,-0.0083599709145084,
55.299999999949705,32.16062303601238,-0.0925659385121986,-0.0043380227042648,-0.0146289309682255,
55.399999999949614,32.14157417892734,-0.1575466738384755,-0.0039941185816535,-0.0084753270166124,
55.49999999994952,32.13816545273708,-0.0728974694396547,-0.0036502144590422,-0.0206994725813635,
55.59999999994943,32.13227141834238,-0.0541918082901224,-0.003210181139793,-0.1459227385104439,
55.69999999994934,32.12322857294119,-0.0923238083092157,-0.0027391441020906,-0.1373356391506847,
55.79999999994925,32.111798276689406,-0.104456803872115,-0.0023700552214127,-0.1025705064178981,
55.89999999994916,32.08628549374848,-0.1878345537632895,-0.0022855046192905,-0.1114267424188215,
55.99999999994907,32.04583600117833,-0.3508104468929174,-0.0022009540171683,-0.1157481660517,
56.09999999994898,32.02776365807347,-0.2193771845748456,-0.0018531486231208,-0.104908924240635,
56.199999999948886,32.0211760333856,-0.0830667746518219,-0.0014051739896164,-0.1344412677978061,
56.2999999999488,32.013708500820904,-0.0999666562245285,-0.0010707587472062,-0.1876825165553778,
56.399999999948704,32.03332729445166,0.1018577446498265,-0.0010662325605362,-0.1839824490376301,
56.49999999994861,32.0354774276116,0.0706133980821005,-0.0010617063738662,-0.071903558920735,
56.59999999994852,32.044687686877005,0.0643462321436147,-0.0014410904103383,-0.0486580901509259,
56.69999999994843,32.06789328159767,0.1616611581859625,-0.001974248348327,-0.06038216200511,
56.79999999994834,32.07187410534768,0.100163857579462,-0.0023866051790568,-0.0127314658328563,
56.89999999994825,32.08198635344239,0.1003982165760115,-0.002415758433855,0.1202915666064186,
56.99999999994816,32.099699048760264,0.1511823583833607,-0.0024449116886532,0.1724198707523115,
57.09999999994807,32.09733048048963,0.0469603304926627,-0.0023218072406932,0.1692406606593057,
57.19999999994798,32.09533018471792,-0.0125819752320068,-0.0021418301739274,0.1557355496527215,
57.299999999947886,32.10341959151003,0.0428762695427062,-0.0018766257388889,0.1095050905608221,
57.3999999999478,32.09629849153403,-0.0079314957803311,-0.0013645652970019,0.0349495271896503,
57.4999999999477,32.0992032377672,-0.0095842075221251,-0.0008525048551148,-0.0008415910325908,
57.59999999994761,32.11197426475108,0.0940638305834796,-4.603808613743311e-05,-0.0120243010829709,
57.69999999994752,32.09548724451996,-0.0659763197471602,0.0008616116983033,-0.0099146292642386,
57.79999999994743,32.082600559510155,-0.1236233331890535,0.0018015877947306,-0.0437952861771288,
57.89999999994734,32.073008213816884,-0.0955563793607993,0.0028358397594248,-0.128512311308699,
57.99999999994725,32.05166271106014,-0.1392723957271139,0.0038700917241189,-0.2280050557563552,
58.09999999994716,32.06049727518962,-0.0113238309577271,0.0033652581778922,-0.240753108992548,
58.19999999994707,32.07979517314342,0.135457130676165,0.0023723213053161,-0.2886443425656853,
58.29999999994698,32.07709000156389,0.0186420714755759,0.001526538551292,-0.4373169277788924,
58.399999999946886,32.09068450304542,0.0692979191987221,0.0011486867663525,-0.4550463069745436,
58.4999999999468,32.10747104777232,0.1520843769360539,0.000770834981413,-0.4788766388074089,
58.599999999946704,32.11550349230645,0.1171157036429906,0.0013913943048728,-0.5036617459301356,
58.69999999994661,32.13373458584898,0.1387900614239558,0.0023576434969695,-0.4845667826431893,
58.79999999994652,32.1462517298918,0.1455124155106049,0.0030131228755831,-0.4872259445889877,
58.89999999994643,32.13630807874568,-0.0125206018405051,0.0027814024528701,-0.5059139156265127,
58.99999999994634,32.145279343061745,0.0286271567273495,0.0025496820301571,-0.5082236728309097,
59.09999999994625,32.161615408861714,0.1320266146605617,0.0023129508110332,-0.4872955394161547,
59.19999999994616,32.163764996644886,0.0575124594945256,0.0020745007488457,-0.4881480083483833,
59.29999999994607,32.20733466398919,0.3047719185546865,0.0018725864156256,-0.4700922784012382,
59.399999999945976,32.26955289341756,0.5023312531177243,0.0017871721167233,-0.4328642002123423,
59.499999999945885,32.31337978452634,0.4563878772598751,0.001701757817821,-0.3522474969025068,
59.599999999945794,32.37056044332168,0.5093407214176332,0.0013514781139402,-0.2823761105663684,
59.6999999999457,32.43030685402468,0.5789577527317433,0.0009033655461988,-0.2694244118766551,
59.79999999994561,32.47638773693845,0.5072268516354252,0.0004552529784574,-0.2321203373702451,
59.89999999994552,32.546847319032366,0.6335747971647703,7.140410716112585e-06,-0.1210660932542951,
