t,vEgo,aEgo,roll,targetLateralAcceleration,steerCommand
0.0,24.82901382446289,0.0628206357359886,-0.0578449693469858,-1.3756190934876966,0.5808640409681524
0.0999999999767169,24.815034727572336,-0.079981813409811,-0.0577715244075551,-1.3860575313725416,0.581205633306561
0.1999999999534338,24.81544952822257,-0.0233328529076378,-0.0576980794681244,-1.3862983945520098,0.5870644150528965
0.2999999999301508,24.817688593277776,0.0090920043696501,-0.0576246345286938,-1.3568505616734652,0.5843523105500846
0.3999999999068677,24.82140790624917,0.0323443465575293,-0.0575511895892631,-1.3568762979336804,0.580959156600672
0.4999999998835847,24.820702473447568,0.0016878439209558,-0.0574178999248553,-1.3670056848692018,0.5797902815730249
0.5999999998603016,24.84126996807084,0.1294394166943374,-0.0572621113986498,-1.3606139396205488,0.5786533324901196
0.6999999998370185,24.841934649897947,0.0689319795215408,-0.057183875980491,-1.3532340432920205,0.5784117319077609
0.7999999998137355,24.834467466414864,-0.0181133632869014,-0.0574347499313435,-1.3532535382765525,0.5791738910065811
0.8999999997904524,24.84211475920493,0.030913706223746,-0.057685623882196,-1.3536570719042724,0.5792325094217767
0.9999999997671694,24.854158147856904,0.0854303134749349,-0.0580926833575242,-1.3574272459295802,0.5800548416815642
1.0999999997438863,24.85183623548072,0.0201268337957035,-0.0585574079143271,-1.363414453628881,0.5767899316556917
1.1999999997206032,24.847614097232896,-0.0242643024606746,-0.0589273402745364,-1.3670622013855038,0.5685152904204152
1.2999999996973202,24.860695688683297,0.0605470811826222,-0.0589062121854133,-1.3687355159921222,0.4962770635423383
1.399999999674037,24.839805555966304,-0.0621209821543087,-0.0588850840962902,-1.3617282609404384,0.47366237535944133
1.499999999650754,24.84822204812057,0.0247012814187068,-0.0589420838259543,-1.346412232216282,0.46121788300325156
1.599999999627471,24.85093721046264,0.0162649549642823,-0.0590286326331429,-1.2108662725035113,0.45844714152806093
1.699999999604188,24.856100561028423,0.034926325740148,-0.0592331271849115,-1.1714646888807296,0.4642279248418929
1.7999999995809048,24.85953608267665,0.0632908551884945,-0.0598400651576911,-1.1548532682593085,0.47002983178583585
1.8999999995576216,24.85562625465119,-0.0137445099427584,-0.0604470031304707,-1.1557225306845569,0.46411504402363085
1.9999999995343387,24.865154782345574,0.0546588060650785,-0.0607812231903624,-1.1696126847007693,0.4540266788475666
2.099999999511056,24.86886228053051,0.0597811478851957,-0.0610149397491909,-1.1825016057852944,0.44999773692625344
2.1999999994877726,24.867215663434138,0.0035290395310172,-0.0611796736257902,-1.1733419522662627,0.44939938819724873
2.299999999464489,24.8707325034135,0.010841825930685,-0.0611121772898859,-1.1544853272333917,0.4437156636854885
2.3999999994412065,24.87953411182964,0.0687268663174909,-0.0610446809539815,-1.1466964757196385,0.4493243578845122
2.4999999994179234,24.879194968178943,0.0290672958141668,-0.061204874962816,-1.1471825835656853,0.4556263756035835
2.5999999993946403,24.8794153603292,-0.0058096701762271,-0.0614497034763519,-1.1393664592180937,0.45547782321371616
2.6999999993713573,24.88452739785526,0.0347688972218826,-0.0616561686193581,-1.151547100365879,0.4531054210154918
2.799999999348074,24.882815088886943,-0.0031041345808881,-0.061729129685686,-1.163599829406898,0.440472915649043
2.899999999324791,24.87274916400016,-0.0703793612336154,-0.0618020907520139,-1.1638908878434329,0.43992929428407324
2.999999999301508,24.874050281461056,-0.0202306164954129,-0.0617904547231429,-1.1595156581612076,0.4397269480999319
3.099999999278225,24.88442089754511,0.0834943122301407,-0.0617476868257146,-1.1365425943942653,0.4345817805888356
3.199999999254942,24.87815950508992,-0.0015936199046307,-0.0617426234623149,-1.1354265546246438,0.4336748599565865
3.299999999231659,24.88236423883279,-0.0010609853451802,-0.0618680266176419,-1.1363539572213432,0.43403965206496714
3.399999999208376,24.900636679464224,0.1208333262930307,-0.0619934297729689,-1.128642783303106,0.44085726569723616
3.4999999991850927,24.90999475870142,0.1126589839116054,-0.0620011182138019,-1.1272330903269068,0.4517103143446078
3.5999999991618097,24.90491289460473,0.0076689811354345,-0.0619663989037115,-1.127471318310204,0.44515187075891094
3.699999999138527,24.903490106605133,-0.010122983820887,-0.0619765332016578,-1.1397542206404545,0.4417102500769468
3.799999999115244,24.92300955981901,0.1267004783556374,-0.0621671252569565,-1.1614348187824022,0.44061017418072634
3.899999999091961,24.923506819122583,0.0480704316663749,-0.0623577173122552,-1.1514958492810927,0.4400009281131947
3.999999999068677,24.92155951457605,0.0220426739933334,-0.0626416356010335,-1.1480640939184583,0.43290627675790533
4.099999999045394,24.93386305787512,0.0765125346713945,-0.0629606324515483,-1.1493953620923067,0.40694638727557597
4.199999999022111,24.93562316752325,0.0570098549637287,-0.0633797673078845,-1.15243187937121,0.3717456145423056
4.299999998998828,24.943601033391616,0.0672692341650162,-0.0641068142146162,-1.146961999206505,0.30625722299409575
4.399999998975545,24.95071502692099,0.031149432633004,-0.0648338611213479,-1.108063577626333,0.29587958562445116
4.499999998952262,24.967106490712343,0.1081435968079858,-0.065467686570985,-1.0528144208344945,0.2271017309535651
4.599999998928979,24.977220079024697,0.1057686326297011,-0.066066171688377,-0.9463844271786226,0.08517165069696511
4.699999998905696,24.98067701162497,0.0482932529980889,-0.0662878950065881,-0.9310199726004946,0.053131170974864
4.799999998882413,24.9925062478952,0.0830364055393248,-0.0649500589629072,-0.802982199333551,-0.03103454953140719
4.89999999885913,25.00354133424407,0.0998608835331983,-0.0636122229192262,-0.5580102332205602,-0.17147350123479818
4.999999998835847,24.999538161522285,0.0277435637632515,-0.0624540006613781,-0.494903526357879,-0.19406874335821855
5.099999998812564,25.020747502812103,0.1339287649001709,-0.0613618743853982,-0.3485384464664939,-0.1745058087707117
5.199999998789281,25.025207410088363,0.0872854364137355,-0.0603232432630476,-0.1105215729637992,-0.12472496825957037
5.299999998765998,25.02590537698649,0.0765470594453111,-0.0595102189307327,-0.0654647622115889,-0.02067836574330538
5.3999999987427145,25.03779393824842,0.0853035129827979,-0.0586971945984177,-0.0895609488433226,0.030700082810446585
5.499999998719432,25.057778067944625,0.1465203915530268,-0.0587264785370364,-0.1710234243488469,0.06408261787369679
5.599999998696148,25.08678762954719,0.2860665628310514,-0.0590799988822996,-0.3428492119859502,0.17500662865437208
5.699999998672865,25.116286896461983,0.2386490676650638,-0.0596747866436304,-0.4316276323713421,0.18503330870486298
5.799999998649582,25.141063503562894,0.2269582197292336,-0.0611470870183813,-0.5000658627607597,0.3441165106039477
5.899999998626299,25.16350096432029,0.2212242294532811,-0.0626193873931321,-0.6953074988016326,0.46999488835022296
5.999999998603016,25.19375026607545,0.3336744957633315,-0.0633874682376769,-0.7194995594824677,0.47017901911182447
6.099999998579733,25.222299201121995,0.1222459777536385,-0.0638866471564985,-0.9924733872768668,0.476341624057303
6.19999999855645,25.324065159681147,0.8267230535856676,-0.0642441358004894,-1.2215125388534422,0.47940643442994374
6.299999998533167,25.258001349307275,0.0121235388848277,-0.0641206676470889,-1.219549196701949,0.5133812091653029
6.399999998509884,25.310167492860057,0.3773717902864621,-0.0639971994936884,-1.230559432492148,0.5745662719644262
6.499999998486601,25.36584059963989,0.4531727272945983,-0.0634991350274444,-1.2322903522800512,0.5858059284143365
6.599999998463318,25.41648138991457,0.5705538491799519,-0.0628631830288753,-1.2905530769382123,0.5864994929181357
6.699999998440035,25.48512649403555,0.6266899318888278,-0.0622145797437111,-1.4038454258114077,0.5862854190428658
6.799999998416752,25.544464597863097,0.6341641109468981,-0.0615226557621016,-1.4207224034196528,0.6170135587279626
6.899999998393469,25.6284563691016,0.7297002952286076,-0.0608307317804922,-1.4172624867450976,0.7055585202852582
6.9999999983701855,25.699191194090687,0.7230246514353998,-0.0608831439310983,-1.4189734415840822,0.7862844462218547
7.099999998346902,25.78708704115731,0.8581101922146525,-0.0612108453518329,-1.486710285087594,0.902639468001013
7.199999998323619,25.845674471012344,0.6937359089623679,-0.0605552227346225,-1.67153293527618,0.938840873602659
7.299999998300336,25.908532933025544,0.7021499616918481,-0.0564938260159349,-1.8219686199062013,1.0174624520015434
7.399999998277053,25.95656924275984,0.5870547328242458,-0.0524324292972472,-2.089544791635203,1.1291352785170063
7.49999999825377,26.09254012463724,1.0254078655809944,-0.0510462996360586,-2.1890023361414706,1.1345557281520182
7.599999998230487,26.20429795053308,1.0994336045160942,-0.0506664203990477,-2.445650418402806,1.1323252946983715
7.699999998207204,26.23849537946643,0.6501048825876301,-0.0508037696983471,-2.879533754514146,1.118343279645735
7.799999998183921,26.279613434799348,0.4712200286212382,-0.0527024786260389,-2.9256009269534378,1.0409004463407607
7.899999998160638,26.356240620809693,0.6486872119709506,-0.0546011875537308,-2.942006101230446,0.9967013295785222
7.999999998137355,26.46061789621297,0.8986705657374129,-0.0553570810097113,-2.8991775223430487,0.9883251028668493
8.099999998114072,26.548229273529685,0.9151645393547324,-0.0556903376527507,-2.60349832182715,0.9246516257411432
8.199999998090789,26.64065816620281,0.914798382027162,-0.0561476107293013,-2.458300285100348,0.8394787345556037
8.299999998067506,26.72749179818031,0.873040322057476,-0.0570260371569876,-2.4444168875634027,0.819053827783927
8.399999998044223,26.813356126246145,0.873258799984997,-0.057904463584674,-2.254033595618601,0.7757319313780645
8.49999999802094,26.88321675882324,0.7699624847278194,-0.0582366245267999,-2.016269309740656,0.6570494870472391
8.599999997997656,26.971183406380568,0.8396249645464573,-0.0583689323073494,-1.966859472248251,0.630378165229997
8.699999997974373,27.06031851438652,0.8599592229197311,-0.0586198137968458,-1.861365749881671,0.5781897777446894
8.79999999795109,27.14489595483316,0.8313719218935534,-0.0592711312792854,-1.5904866628286127,0.520414259755171
8.899999997927807,27.2336179522476,0.8548852432340597,-0.059922448761725,-1.5407698935465524,0.5101404968112735
8.999999997904524,27.318861282293952,0.8378320770029086,-0.0605967594907501,-1.438376732873654,0.4757061760057389
9.09999999788124,27.409249151922,0.8981426519225196,-0.0612794015988294,-1.3289303330887634,0.4558492560194933
9.199999997857958,27.507850217716527,0.9380140653438696,-0.0618695458441566,-1.3162371098849115,0.4551843597178865
9.299999997834677,27.612162203202317,1.0105132459973802,-0.0621477300353275,-1.2530129569335722,0.4588236076017771
9.399999997811392,27.71984444807373,1.0554743491002414,-0.0624259142264984,-1.2190893826417046,0.447470959370803
9.499999997788109,27.826614973079824,1.069283917034984,-0.0630374510433376,-1.2257626605286067,0.4371316833908684
9.599999997764826,27.93723569250353,1.1076814225061105,-0.0637730137469555,-1.2421175350567812,0.43797618732572974
9.699999997741545,28.043044897681742,1.0713129488252018,-0.0643715356162991,-1.227801080635656,0.4430860601960944
9.79999999771826,28.15735281167742,1.118256365762158,-0.0644974877975472,-1.211032965588955,0.44507698976274657
9.899999997694977,28.267364531838645,1.106148502809629,-0.0646234399787953,-1.2158991257401863,0.4659439469191041
9.999999997671694,28.38854109599987,1.1698435698079266,-0.0646358695771691,-1.2282173200818165,
10.09999999764841,28.50290220334221,1.1310636236597462,-0.0646065961921927,-1.233954155098355,
10.199999997625127,28.61884268746421,1.154027175115317,-0.0645540548598514,-1.2771138715055397,
10.299999997601844,28.73480925502676,1.1532505920422762,-0.0644198762344869,-1.302780271873536,
10.39999999757856,28.849357235596614,1.1426863187444818,-0.0642856976091224,-1.3380685878793426,
10.499999997555278,28.966468286684336,1.1553962136275877,-0.0642366629553847,-1.3729491620427363,
10.599999997531995,29.085599445445403,1.1850526521196731,-0.0642198592027264,-1.4784271279078982,
10.699999997508712,29.19931634131192,1.1620152910033914,-0.0639672234406777,-1.6889339576474456,
10.799999997485427,29.299124846897243,1.056550795600072,-0.0629171626862905,-1.8001448860234834,
10.899999997462146,29.41271464316772,1.0923302289220775,-0.0618671019319032,-1.84838146863052,
10.999999997438865,29.53078071179043,1.104423405987938,-0.0613396951063214,-1.9026312100905136,
11.09999999741558,29.613795418380032,0.9363852619109932,-0.0610087153665957,-2.0076343820725184,
11.199999997392297,29.71917158932378,0.9927424474654388,-0.0606174110570073,-2.1208339259293174,
11.299999997369014,29.833756239228848,1.0455537232095955,-0.0600203831212754,-2.231333713647477,
11.39999999734573,29.93470394189359,1.0288154590024583,-0.0594233551855435,-2.241468146851316,
11.499999997322448,30.03626304961297,1.019904113436186,-0.0590353871792195,-2.2560330889979983,
11.599999997299165,30.13835009019047,1.017309368598942,-0.058723860063619,-2.261819218424978,
11.69999999727588,30.22778264899545,0.9565446763400772,-0.0584509369909563,-2.250369206197847,
11.799999997252598,30.333352613279857,1.012247018148844,-0.0583382461679961,-2.1854520389766865,
11.899999997229315,30.435758606893344,1.0122357525579562,-0.058225555345036,-2.093908997243514,
11.999999997206032,30.52332978949006,0.9903102811758464,-0.0583074311029529,-2.1040558836221206,
12.09999999718275,30.63205567850733,1.0439220213784488,-0.0584661359741633,-2.109983120159758,
12.199999997159466,30.721241603714702,0.9389115353182236,-0.0586354343537346,-2.1159231440889994,
12.299999997136185,30.809309222907142,0.90280617608435,-0.0588499669343027,-2.1235515472411075,
12.3999999971129,30.92054796133281,1.028659392809141,-0.0590644995148708,-2.1323151517351024,
12.499999997089615,31.00835141483648,0.9316949903773872,-0.0592125414335646,-2.138985576210632,
12.599999997066334,31.05907812095884,0.6245834126583732,-0.0593361977067428,-2.079631259541316,
12.69999999704305,31.058927581921992,0.1667921471721535,-0.0594263703848691,-2.006175200678407,
12.799999997019768,31.11817481531311,0.3080288483970839,-0.0594034369867909,-1.9345607956780808,
12.899999996996485,31.138133776791225,0.2846357767274179,-0.0593805035887128,-1.8296286650171367,
12.999999996973202,31.25487479802258,0.8996543133026405,-0.0592087304364167,-1.832873193098276,
13.09999999694992,31.34198084514237,0.82456320532569,-0.0589820247974661,-1.83017528691501,
13.199999996926636,31.40475175785766,0.6965221321667451,-0.0588868690449606,-1.8317455196443573,
13.299999996903352,31.437453779626534,0.4214411388555988,-0.0592484148176574,-1.842507927102532,
13.39999999688007,31.46426523606808,0.3466531508688641,-0.0596099605903543,-1.8431865276608133,
13.499999996856786,31.500609212305072,0.3527285469219753,-0.059798732601953,-1.839057063342339,
13.599999996833503,31.52294993336312,0.2548828537925537,-0.059922450285551,-1.8307886792008756,
13.69999999681022,31.55107855506272,0.2644647126418316,-0.0600049437257715,-1.8316227235529925,
13.799999996786935,31.555299636099797,0.1095355197789373,-0.0599299430844508,-1.848735873508221,
13.899999996763654,31.605859968943378,0.3688806636243749,-0.0598549424431301,-1.8598718523655693,
13.999999996740373,31.6160559505782,0.2074866688547892,-0.0597382470933871,-1.882653229438528,
14.099999996717088,31.657386502042066,0.3376841512589241,-0.059605613158905,-1.889518823775797,
14.199999996693805,31.66899233323208,0.2194200764135476,-0.0595625054333805,-1.895336397256668,
14.299999996670522,31.695783161844098,0.2417808777594531,-0.0598748173908097,-1.8800604529731824,
14.39999999664724,31.699968475856803,0.1139313876113381,-0.0601871293482389,-1.8232950192858417,
14.499999996623956,31.722528486249512,0.2188446689267185,-0.0604972701261291,-1.7407148878019658,
14.599999996600673,31.73095067805725,0.1384292005870239,-0.060806600416917,-1.6428126436282673,
14.69999999657739,31.739986671212097,0.0793235149426876,-0.0611334623563298,-1.4475682497746287,
14.799999996554106,31.770938550520302,0.2371626901266263,-0.0615335343354638,-1.4471477055036075,
14.899999996530823,31.768752985095897,0.0960161073963651,-0.0619336063145979,-1.3051120958036475,
14.99999999650754,31.77476836643476,0.0667662205220634,-0.0622020239550877,-1.2586553040517463,
15.099999996484256,31.77709148685333,0.0459028016807498,-0.0624223461744421,-1.2488500767505486,
15.199999996460974,31.76884983176638,-0.038279677266992,-0.0621665612789459,-1.1666537923483875,
15.299999996437691,31.749818209466536,-0.1467733209598392,-0.0598717048115631,-0.8864307370181878,
15.399999996414408,31.764018326417624,0.0494095818189662,-0.0575768483441803,-0.8093758306759423,
15.499999996391123,31.745583205286437,-0.1137263535952123,-0.0547634341545272,-0.774371532017359,
15.599999996367842,31.754785043740632,-0.0069178333468072,-0.051759194927192,-0.7479664565735507,
15.69999999634456,31.75434043883656,-0.0184886027619668,-0.0486754772260299,-0.7038137443941797,
15.799999996321276,31.74258745568369,-0.0736129370011265,-0.0452684751771005,-0.5687542776352467,
15.899999996297993,31.73279280550905,-0.0741145898074902,-0.0418614731281711,-0.4898266058418949,
15.99999999627471,31.72829061571575,-0.066582769636895,-0.0384471441475407,-0.450523808996667,
16.099999996251427,31.70258424977813,-0.1918343622919132,-0.0350301047490092,-0.4083007718589788,
16.199999996228144,31.74143180927248,0.1847599680517505,-0.0319159885034194,-0.3819842202063312,
16.29999999620486,31.72659224818468,-0.034362826884292,-0.0302020258733286,-0.3633248812725554,
16.399999996181577,31.72927344448456,-0.0211805106472017,-0.0284880632432379,-0.3642681873653631,
16.499999996158294,31.737206906889675,0.0579727348336673,-0.0276992636193977,-0.358838204309909,
16.59999999613501,31.691563023721912,-0.2626670748687646,-0.0272490631940316,-0.3530210623446412,
16.69999999611173,31.69431088086107,-0.0863590240092627,-0.0268410198158173,-0.3368505850491142,
16.799999996088445,31.685695950966785,-0.0779325789936781,-0.0265754787428733,-0.2779828103722285,
16.899999996065162,31.66921876749782,-0.1420299258015173,-0.0263099376699292,-0.1982468254301633,
16.99999999604188,31.687870558930346,0.0767783317043604,-0.0266190694844842,-0.186714335636101,
17.099999996018596,31.622845703311103,-0.4241086479859325,-0.0271487803971726,-0.157255292554776,
17.199999995995313,31.66546038540584,0.0633564954811634,-0.0277439674969628,-0.1581597641971529,
17.29999999597203,31.633900648561305,-0.2021022323549213,-0.0285937680861412,-0.1475358862161575,
17.399999995948747,31.64585400969875,0.0903274241913424,-0.0294435686753196,-0.0796295853025855,
17.499999995925464,31.59898788064267,-0.3705163483938882,-0.0300373141147983,-0.0417917509881665,
17.59999999590218,31.58953838310967,-0.2371408584382545,-0.0305318360783233,0.0035214833948258,
17.699999995878898,31.588316270777927,-0.0737973816021931,-0.0309855559858401,0.0365959265803612,
17.799999995855615,31.57374505327629,-0.1297670613875895,-0.0312988655716706,0.0291648586713691,
17.89999999583233,31.56057597753263,-0.1242709761598055,-0.0316121751575011,0.0313445207356591,
17.99999999580905,31.5929501715169,0.2743377310146706,-0.0316809685173197,0.0404530797106313,
18.099999995785765,31.5085306233234,-0.4085147464210915,-0.0316552690584388,0.084633604129308,
18.19999999576248,31.514873964998777,-0.1352900239374691,-0.0315126375574721,0.1420086774128423,
18.2999999957392,31.48111875030103,-0.2806706526311238,-0.0309062058675029,0.1518531534686117,
18.39999999571592,31.481588449466845,-0.103702372295779,-0.0302997741775338,0.1688891573510973,
18.499999995692637,31.485049152102405,-0.0279100482098203,-0.029670675014175,0.1845325888235068,
18.59999999566935,31.477664994870334,-0.0644314243816593,-0.0290331578537212,0.1793795613611821,
18.699999995646067,31.47509758584544,-0.0305090363702647,-0.0280653700920031,0.1717136828231094,
18.799999995622784,31.45905882601774,-0.1328900570488718,-0.0259592778066578,0.1682711060107544,
18.8999999955995,31.455496123129517,-0.0564760590217844,-0.0238531855213126,0.1821106005618171,
18.999999995576218,31.450133815344152,-0.0486443878283167,-0.0208665138969388,0.2008681889291673,
19.09999999555293,31.440734685175048,-0.0871167859359797,-0.0175467265597295,0.2241020673262541,
19.19999999552965,31.438818351728724,-0.0211792224502506,-0.0142181113027815,0.1976128668730204,
19.29999999550637,31.426035789243382,-0.0972616840163608,-0.0108576291721277,0.2268201415499292,
19.39999999548309,31.42442637126302,-0.0586905549534735,-0.0074971470414739,0.245501383465391,
19.4999999954598,31.41428447976189,-0.081175548552041,-0.003700914209541,0.2596139352203783,
19.59999999543652,31.392998034389347,-0.161819818510566,0.0002519025915201,0.278673677215369,
19.69999999541324,31.383454669780537,-0.1319484325510687,0.0041166739378974,0.3223487097867149,
19.799999995389957,31.3749383964478,-0.0794232164936508,0.0075933625538829,0.3551796883314375,
19.89999999536667,31.364095661475496,-0.08004281263367,0.0110700511698685,0.3734313742784671,
19.999999995343387,31.357995087186165,-0.0574363881071536,0.014127650722762,0.399610442157879,
20.099999995320104,31.335835751314203,-0.1872811385700462,0.0170343016772848,0.4208782273334602,
20.19999999529682,31.337497744847884,-0.0611655770299453,0.0197955280128697,0.4298105187109906,
20.299999995273534,31.32823932742219,-0.05586194904916,0.0219235135285681,0.4595772287497296,
20.39999999525025,31.31751984542742,-0.0934055398441909,0.0240514990442665,0.5125888822177003,
20.49999999522697,31.324309728612374,0.022772047384865,0.026476566010071,0.6193442225081345,
20.59999999520369,31.30190590614113,-0.1436889997550956,0.0290070488572638,0.6386726354285653,
20.69999999518041,31.3028485076921,-0.0529246419897529,0.0314078191789239,0.6695850200452107,
20.799999995157123,31.290734871842407,-0.1102568444766994,0.0332831467749375,0.702087488023519,
20.89999999513384,31.2749891856049,-0.1530980569236275,0.035158474370951,0.7211043138289708,
20.99999999511056,31.26318827569332,-0.1149690837111186,0.0351635340896185,0.719285284901274,
21.099999995087277,31.233346504928225,-0.240258019011961,0.0344930842073213,0.7338083232182212,
21.19999999506399,31.215488214868948,-0.1931329094774668,0.0338698026653411,0.7549661043777328,
21.299999995040707,31.215066981872003,-0.0566842079747786,0.0334239906582513,0.7734882537685396,
21.399999995017424,31.193479948202874,-0.1571826453760552,0.0329781786511615,0.8307016978327884,
21.49999999499414,31.196697611837887,-0.0646392024695021,0.032443461602876,0.8729508461675876,
21.599999994970855,31.18179743100396,-0.1260195144901642,0.0318763159618243,0.8812979224542962,
21.69999999494757,31.161163699527364,-0.184880512478683,0.0314162415852372,0.9370257537576804,
21.79999999492429,31.153770662386577,-0.111561979824733,0.0313679042536142,1.051627609250346,
21.89999999490101,31.132335168359177,-0.1495016524594814,0.0313195669219911,1.074944137866754,
21.99999999487773,31.129195866912944,-0.0908353452188639,0.0308366130055016,1.0977720910815036,
22.099999994854443,31.122206741790663,-0.061281564681267,0.0301921643531996,1.0947576384646125,
22.19999999483116,31.107511787880483,-0.126610304335389,0.0296680071088752,1.0943223067104602,
22.29999999480788,31.097759972428605,-0.108345153459484,0.0295537049632032,1.1076104845397348,
22.399999994784597,31.07946302054282,-0.1625273965686885,0.0294394028175313,1.1421494160410697,
22.49999999476131,31.069933850150004,-0.1383701512483591,0.0296772933889548,1.1465543725998657,
22.599999994738027,31.058956648025244,-0.1073674453219054,0.030046054722084,1.1428388830044076,
22.699999994714744,31.04712153901646,-0.1139411737335763,0.0304307384761484,1.1485220549234756,
22.79999999469146,31.041145173999045,-0.0928563689348797,0.0308808299284241,1.1449936788037671,
22.89999999466818,31.03113351346414,-0.0961816210152338,0.0313309213806998,1.147667127393922,
22.99999999464489,31.01466425909648,-0.1411251057965591,0.0317101706041924,1.1159905885146977,
23.09999999462161,31.002893997619832,-0.1163376408470936,0.0320615738727244,1.0702182480758846,
23.19999999459833,30.98609302611481,-0.1417217953965516,0.0324853498613526,1.04190160900036,
23.29999999457505,30.990866457559903,-0.0194493265012798,0.0331712011619283,0.975478430722562,
23.399999994551763,30.987057044953566,-0.0391162836411835,0.0338570524625041,0.912224861737063,
23.49999999452848,30.984566223876797,-0.0518439012625887,0.0340608194762603,0.8691065501524087,
23.5999999945052,30.97819416573954,-0.0545330481163479,0.0340810771259722,0.8440262720310724,
23.699999994481917,30.95667554060373,-0.1508086569488816,0.0343444318538117,0.842490617267497,
23.79999999445863,30.95113196811424,-0.0870446651425209,0.0354595914541475,0.8527974701075277,
23.899999994435348,30.943288608516152,-0.075416748172053,0.0365747510544834,0.8445773497395901,
23.999999994412065,30.937496309856314,-0.0753324009773114,0.037313556153243,0.8437470292476373,
24.09999999438878,30.92882050472063,-0.0844403464294332,0.0379107273407919,0.8388765877220512,
24.1999999943655,30.914474316955623,-0.1314301805266593,0.0385998075798538,0.8535916193256416,
24.299999994342212,30.903843287649178,-0.1110277388122553,0.0396727911359589,0.8565814745947362,
24.39999999431893,30.899725586205832,-0.0725214302675622,0.040745774692064,0.86832560082314,
24.49999999429565,30.888027896924584,-0.0892789773037904,0.0411435488197613,0.8678285348748601,
24.59999999427237,30.884600551681416,-0.0506801695303269,0.0412875889455834,0.8747160731283128,
24.699999994249083,30.88024291217068,-0.0637728607155839,0.0414800701233312,0.8698861247603418,
24.7999999942258,30.883319390150906,-0.0039198613534188,0.0418389220690445,0.877118023239995,
24.89999999420252,30.87474549454673,-0.0342699098997495,0.0421977740147578,0.8913282402413828,
24.999999994179237,30.864641521169094,-0.0695926755185345,0.0423128848175051,0.8890250139769039,
25.09999999415595,30.857333520828004,-0.0772734103535626,0.0423370901549889,0.878455536692862,
25.199999994132668,30.846128630538164,-0.0983144428237883,0.0423640602350061,0.9147871261111092,
25.299999994109385,30.851281899328317,-0.0071861879879126,0.0424005725202238,0.9349449111334828,
25.3999999940861,30.84325128066813,-0.0636589781812682,0.0424370848054415,0.9543088251169414,
25.49999999406282,30.84074641107912,-0.0272358087922051,0.0419720676205156,1.0212579772571646,
25.599999994039536,30.8286993260124,-0.0877119172315974,0.0413196788580452,1.0465655299418624,
25.69999999401625,30.8175038448528,-0.1079069788252835,0.0406885917917348,1.0554525374893629,
25.79999999399297,30.822023027363112,-0.0073486395964673,0.0401412018473807,1.0567254479120314,
25.899999993969686,30.81623825474198,-0.0444830489241412,0.0395938119030266,1.0654389386814649,
25.999999993946403,30.817146149927847,-0.0228925554968898,0.0392970566627262,1.0617336818984031,
26.09999999392312,30.808104888598542,-0.0603193379741169,0.0390941789106586,1.0868755729967616,
26.19999999389984,30.80169316434447,-0.0843717655709878,0.0389056499222057,1.1051763359515838,
26.299999993876558,30.80244083906259,-0.0280828145100946,0.038766159408019,1.1265751824680676,
26.39999999385327,30.789791267216845,-0.093388162273587,0.0386266688938322,1.12481223008935,
26.499999993829988,30.78500249898945,-0.0676297078990063,0.0384716168233609,1.1248222736791655,
26.599999993806705,30.767723735332964,-0.1248387888050687,0.0383107311932989,1.128095348279671,
26.699999993783425,30.76641681590057,-0.0550109223208728,0.0379727399046575,1.1321978001550497,
26.79999999376014,30.76633472612124,-0.0200356354367226,0.0370484168687212,1.1346343824060905,
26.899999993736856,30.7627911707098,-0.0433889950838594,0.0361240938327848,1.1331885315891783,
26.999999993713573,30.7613391183841,-0.0199034332061299,0.035089355245587,1.1252264766248508,
27.09999999369029,30.74616533364837,-0.1065156030044924,0.0340139082629434,1.1104049560018667,
27.199999993667006,30.74091780429144,-0.0963010689640595,0.033105349442684,1.1022053850322726,
27.299999993643723,30.73809660871457,-0.0560416959705551,0.0327673779085875,1.0993209242960915,
27.39999999362044,30.74055473543484,-0.008099183712269,0.0324294063744909,1.0990070757935326,
27.49999999359716,30.73744003740404,-0.0304864956007976,0.0323475174700836,1.0984698274309164,
27.599999993573874,30.72513948106651,-0.1127258406178657,0.0323638272232407,1.0995372223303264,
27.69999999355059,30.716904573836636,-0.0830617168064399,0.0325048681917824,1.100331691963692,
27.799999993527308,30.71132140628037,-0.0618994306453624,0.0330701010845375,1.1006574307734658,
27.899999993504025,30.70182643773082,-0.0810010361226142,0.0336353339772926,1.1023740306721537,
27.999999993480746,30.70201052924929,-0.0252195860990793,0.0345718838964427,1.1163329732740694,
28.09999999345746,30.68598963423131,-0.0943303966511527,0.0356490056786897,1.1214530620368597,
28.199999993434176,30.682712798155062,-0.0915731606252572,0.0364506296696401,1.1282912005065513,
28.299999993410893,30.677211399845397,-0.0661015428337699,0.0363008990777807,1.131753417540547,
28.39999999338761,30.672992797228844,-0.0479976985690965,0.0361511684859213,1.1313976338226222,
28.499999993364327,30.66810207597997,-0.0379787640073551,0.0360748275798283,1.133424552379673,
28.599999993341044,30.66244474350594,-0.0606749746368579,0.0360254675871873,1.138312489123982,
28.69999999331776,30.65642977916148,-0.058559563655896,0.0360682141747351,1.1517345273143913,
28.79999999329448,30.653513862981946,-0.0630731863040461,0.0364224084071864,1.152258683317443,
28.899999993271194,30.632953157865057,-0.0892163129191493,0.0367766026396378,1.149370023956041,
28.99999999324791,30.629374422047544,-0.0881929599447268,0.0369815898357333,1.1397170655444937,
29.09999999322463,30.63372661573216,-0.0047318451714666,0.0371300696834108,1.1462650748295762,
29.199999993201345,30.63804912204705,0.0433889977978252,0.0372875522535912,1.157442489224855,
29.299999993178066,30.636922504402936,-0.0107408318984433,0.0374763836488037,1.230975291601856,
29.39999999315478,30.6383735514116,-0.0138532418554336,0.0376652150440163,1.383198282983256,
29.499999993131496,30.634464269487143,-0.0499737376446803,0.0375629473424689,1.39004937674243,
29.599999993108213,30.615480762392732,-0.1348682971203597,0.037352021284406,1.389391738938053,
29.69999999308493,30.593751643684858,-0.2044833101621234,0.0371833283403556,1.3892915786838036,
29.799999993061647,30.588163512290564,-0.1169270490991505,0.0371544648651925,1.3912693934668137,
29.899999993038364,30.58299067870506,-0.0869426169132753,0.0371256013900294,1.394865489408685,
29.99999999301508,30.57667273691045,-0.0728520688024764,0.0371487001382124,1.3678800090432373,
30.0999999929918,30.57321514701847,-0.0485045597016295,0.037190689381721,1.327187927377686,
30.199999992968515,30.560978510083142,-0.09418325444836,0.0372000546287179,1.2881377461692587,
30.29999999294523,30.545989309555843,-0.1341056891840125,0.0371003448435703,1.1255400869479126,
30.39999999292195,30.534259986518915,-0.1079960521717638,0.0370006350584227,0.8769278129873233,
30.499999992898665,30.523066286837267,-0.1181869986810431,0.038146607730786,0.9068186683194016,
30.599999992875382,30.522987551770672,-0.0410168177601376,0.0397848552699926,0.9277018763241032,
30.6999999928521,30.515096761651503,-0.0742258779381735,0.0412795328294963,0.9463303934589812,
30.799999992828816,30.51743615102165,-0.0066886924945229,0.0422372317758985,0.9504398307553644,
30.899999992805533,30.50099105360048,-0.1079978681184978,0.0431949307223007,0.9498602638127268,
30.99999999278225,30.48706798634189,-0.1188050926211916,0.0435220637377988,0.9501203248453652,
31.099999992758967,30.472919531037142,-0.1160009283234639,0.0436158799272719,0.9293300375826656,
31.199999992735684,30.460988499999363,-0.1107561216948109,0.0435269180283636,0.9304180537109308,
31.2999999927124,30.457392806662323,-0.0640091647451671,0.0427943722334013,0.9293161846764862,
31.39999999268912,30.4540139635677,-0.0318524945124205,0.042061826438439,0.9314329050578444,
31.499999992665835,30.47578311239083,0.1188346987694587,0.0410600578084554,0.9297751457210588,
31.59999999264255,30.465449943059653,0.0052940050597043,0.0399550514378199,0.949675821703296,
31.69999999261927,30.46716867232141,0.0073982948843382,0.0389479861935546,0.983524797122636,
31.799999992595986,30.46162024971917,-0.0420401853860789,0.0382691220453281,0.9973841222698716,
31.899999992572702,30.463328368848675,-0.0342028084204726,0.0375902578971016,1.0630649572630988,
31.99999999254942,30.474456016444105,0.0905387392701902,0.037248542462949,1.1706816184175826,
32.099999992526136,30.459816295409624,-0.0261716082782643,0.0370300605561385,1.1696097182670393,
32.19999999250285,30.481276476452692,0.1236704744041615,0.0368466660333136,1.171740325404267,
32.29999999247957,30.48211850981641,0.0328349225486518,0.036786732501199,1.174146833718317,
32.39999999245629,30.507327272077205,0.1640391229187229,0.0367267989690844,1.1621978050539534,
32.499999992433004,30.50859640768648,0.0790441910886412,0.0361944456047729,1.157164065606012,
32.59999999240972,30.506192700860176,-0.0111541352012111,0.0354876815105604,1.1244993181391392,
32.69999999238644,30.52208101722156,0.1234627156794665,0.0348787676094061,1.1115134688212207,
32.799999992363155,30.51173441321584,-0.0244080450855275,0.0345994585939945,1.0814014042545683,
32.89999999233987,30.530405492030784,0.1043652533470781,0.034320149578583,1.0577528071575728,
32.99999999231659,30.54559230960031,0.1329086904705465,0.0342012824412937,1.0123312725989275,
33.099999992293306,30.55804680296847,0.1167068956895725,0.0341451135871898,0.9719474299878486,
33.19999999227002,30.57361410345231,0.1414714362636889,0.0341540587282328,0.9484138577967952,
33.29999999224674,30.565733199041777,0.0094182908271466,0.0343839887567719,0.9450348412422972,
33.39999999222346,30.572622657768093,0.0458628290177529,0.034613918785311,0.9404724165384044,
33.49999999220017,30.569970268492884,0.0033198433597836,0.0346177173277802,0.936777379229109,
33.59999999217689,30.592428128161608,0.1407517409884738,0.0345364820851379,0.933776115302939,
33.69999999215361,30.613150237465412,0.1853742683687919,0.034462122514559,0.9235768676095056,
33.799999992130324,30.631197817287696,0.1791950358050848,0.034410670892009,0.9123060178542112,
33.89999999210704,30.652041202073423,0.2110571243290749,0.034359219269459,0.9200971900943326,
33.99999999208376,30.66000584760173,0.1261713764990648,0.0344223149004816,0.9062855299049905,
34.099999992060475,30.670924442012083,0.0797676313875591,0.0345273366261626,0.9171232034850354,
34.19999999203719,30.686316355139624,0.1284659601328493,0.03452889278159,0.918229677335842,
34.29999999201391,30.696902860142668,0.1064655565740589,0.0341707677011017,0.9259573641276758,
34.399999991990626,30.714604915010668,0.1591013183180325,0.0338126426206135,0.9236001976960038,
34.49999999196734,30.72960146471469,0.1619363931385231,0.0337228083147377,0.9233680468716032,
34.59999999194406,30.75223953667101,0.2066690630616188,0.0337342380681164,0.9228588643092546,
34.69999999192078,30.7736531430075,0.2087448172717825,0.0338520226102175,0.9229457028375376,
34.799999991897494,30.793280286354005,0.1885490292543596,0.0343442219008022,0.9380085032212012,
34.89999999187421,30.812576641412715,0.2128921325516463,0.034836421191387,0.9479185464533072,
34.99999999185093,30.829987943894867,0.2019995857445919,0.0351589342264839,0.9676385505953148,
35.099999991827644,30.85197251995285,0.222626485182387,0.0354181939497743,0.9820726843682098,
35.19999999180436,30.869454445189128,0.1935520400208144,0.0358417831258922,0.987176450093608,
35.29999999178108,30.87620012334725,0.1032360576135153,0.036836809752028,0.9936935709226368,
35.399999991757795,30.8929187539263,0.1478638576086557,0.0378318363781637,0.997204566463784,
35.49999999173451,30.90297764260313,0.1274657781507462,0.038471875756581,0.9964104384175078,
35.59999999171123,30.917292380671302,0.1098561227303852,0.0389797073854442,1.0031345127650448,
35.699999991687946,30.940532065689496,0.1795316442098389,0.0390944262427563,0.9987628049374848,
35.79999999166466,30.954829631396667,0.1550896767928462,0.0378482584982755,0.9909549474173276,
35.89999999164138,30.95969920786581,0.0975252407336122,0.0366020907537948,0.9820642448808916,
35.9999999916181,30.96748466803113,0.0825046778792889,0.0358770206617615,0.9752490198577124,
36.099999991594814,30.983099164006177,0.1255928983125806,0.0353478230870903,0.97314431037996,
36.19999999157153,30.99258981313289,0.1134445988550047,0.0350094423930582,0.9719641410766532,
36.29999999154825,31.004869466208334,0.1103578068786814,0.0354891471944791,0.961555367147163,
36.399999991524965,31.02415641043806,0.1726094122332759,0.0359688519959001,0.9653767789937834,
36.49999999150168,31.03336285831267,0.1455346167446204,0.0371039721208745,0.9516222287033584,
36.5999999914784,31.04924769139195,0.1294907447278221,0.0384788204988425,0.9317206938402804,
36.69999999145512,31.060955655202854,0.130629853478372,0.0397862435685403,0.942944617441738,
36.79999999143183,31.064021146231116,0.0665332965875464,0.0408607646378862,0.917596009778286,
36.89999999140855,31.07637113176157,0.1042972675821118,0.0419352857072321,0.8570896660220642,
36.99999999138527,31.07957486863211,0.0614043312376736,0.0424386370870054,0.8179582585311018,
37.09999999136198,31.08797800409956,0.069280403270463,0.042724917305292,0.8018132588665882,
37.1999999913387,31.09829097824175,0.0862946109320492,0.0426911477833659,0.7332534981385734,
37.29999999131542,31.10746784279208,0.0742503059754854,0.0415114633053761,0.6519024716711372,
37.39999999129213,31.11843303908538,0.1047823568239038,0.0403317788273864,0.6143649564189768,
37.49999999126885,31.119210660079016,0.0286498427088106,0.0378917838405994,0.5155516792720112,
37.59999999124557,31.1170777523224,0.0013712999192274,0.0349861186860651,0.4947613418284874,
37.699999991222285,31.121469177109407,0.0461513435174289,0.0318671115463393,0.4707914318102493,
37.799999991199,31.10471491560895,-0.0761616117391625,0.0280069426850885,0.449111359680351,
37.89999999117572,31.122413099123072,0.0777377363159933,0.0241467738238376,0.4281278968930492,
37.99999999115244,31.151953198863705,0.2278175812750596,0.0195507843365525,0.4007749874492809,
38.09999999112915,31.1577421195018,0.1521345563626022,0.0146793095844193,0.3682185029965565,
38.19999999110587,31.17217390042389,0.1488203831283423,0.0100065391692652,0.3454160718296457,
38.299999991082586,31.16672747333464,0.0158514512826006,0.0060965077313773,0.3157476647975151,
38.3999999910593,31.166286887706555,-0.0018233061941945,0.0021864762934894,0.2943671701496126,
38.49999999103602,31.155433251467777,-0.0559442579384274,-0.0008167638331149,0.2657720574395737,
38.59999999101274,31.155335300898717,-0.0310727210026485,-0.0034878335373646,0.2514852918973845,
38.699999990989454,31.16902406517336,0.0764018984296536,-0.0060641571166979,0.2348970944168945,
38.79999999096617,31.176732151721644,0.0781106475560752,-0.0082674917418663,0.2272041160641948,
38.89999999094289,31.17279369137149,0.0054942585256055,-0.0104708263670347,0.2114016817679548,
38.999999990919605,31.17433963896827,0.0128040259420989,-0.0126250632584196,0.1979500280301808,
39.09999999089632,31.168078079383648,-0.0380716779887988,-0.0147610734531675,0.1906341502341664,
39.19999999087304,31.167506464933503,-0.0256590271668609,-0.0168287442810084,0.1764038846290666,
39.29999999084976,31.165001623740444,-0.0283002613410313,-0.0186215663329584,0.1720642074900605,
39.39999999082647,31.16530172692693,-0.0066217050550299,-0.0204143883849085,0.1416699816663056,
39.49999999080319,31.171991795871488,0.0387519811387643,-0.0216568012238744,0.1332653571601486,
39.59999999077991,31.18241841201637,0.147460948794308,-0.0226919946874752,0.1243494406366627,
39.69999999075662,31.176121642221297,-0.0017616927211718,-0.023587775488164,0.0617267150467962,
39.79999999073334,31.18864982121885,0.103798260703092,-0.0238978006067596,0.0208425962926099,
39.89999999071006,31.18427572123169,-0.0190536455162044,-0.0242078257253553,0.0199237127914564,
39.99999999068677,31.163052180405494,-0.1390621709544212,-0.0238258949539721,0.0291134004248147,
40.09999999066349,31.168641503723208,0.0001913967437539,-0.0231775863129935,0.0045918258604903,
40.19999999064021,31.151658420861803,-0.0425089989146103,-0.0225374619919182,-0.1113196593456594,
40.299999990616925,31.161315932052087,0.0433921413813099,-0.0219245442460233,-0.2290150368909161,
40.39999999059364,31.182390214608624,0.1423928153169969,-0.0213116265001285,-0.2188456985198826,
40.49999999057036,31.168829491726395,-0.0093886108308963,-0.0206028228702008,-0.1984117674414182,
40.59999999054708,31.15959887800196,-0.0626837562052284,-0.0198584693641821,-0.1741146660820477,
40.69999999052379,31.166113458144068,0.0088121843314116,-0.0192361774058045,-0.1566569163748074,
40.79999999050051,31.164885937868387,-5.833840477323072e-05,-0.019143182971957,-0.1424891939257819,
40.89999999047723,31.17610709223648,0.0727659149849865,-0.0190501885381095,-0.1396374081978798,
40.99999999045394,31.172623161824,0.0162069146949662,-0.0189465368975099,-0.1198653107735575,
41.09999999043066,31.187440824816704,0.0845779229311302,-0.0188389250720177,-0.0688709698714732,
41.19999999040738,31.185527163701163,0.0603358607270399,-0.0187619420922523,-0.0377773620919963,
41.299999990384094,31.162076840400008,-0.1226924173278955,-0.0188144005155492,0.0539600913062972,
41.39999999036081,31.17400835814606,0.0333026883984129,-0.0188668589388461,0.0685056815714054,
41.49999999033753,31.16854944772108,-0.0196289903526679,-0.0187067917721457,0.0726939891520251,
41.599999990314245,31.183513429853843,0.0884456208160779,-0.018465920391255,0.0672525837188292,
41.69999999029096,31.19014640202964,0.059245737865412,-0.018306829885801,0.0893072883473666,
41.79999999026768,31.186164200666223,-0.0281635375937624,-0.0184736970691539,0.1010252385841316,
41.8999999902444,31.17562247215658,-0.0832077275934303,-0.0186405642525069,0.1054012659304887,
41.99999999022111,31.171028752202204,-0.0438467465137813,-0.0190127251417716,0.1274631399244604,
42.09999999019783,31.17827087037964,0.049449479574308,-0.0194634425511969,0.1233684186515835,
42.19999999017455,31.17730353395816,0.0146412421241455,-0.0198488119317631,0.1268561475238269,
42.299999990151264,31.173881873273885,-0.0275462328911067,-0.0200103967613516,0.1185241467591273,
42.39999999012798,31.17389582764766,-0.0280798452503289,-0.0201719815909401,0.1056029357598687,
42.4999999901047,31.169315191277068,-0.0131491214089654,-0.0205827499694494,0.0779369766131423,
42.599999990081415,31.17209241649749,0.0305839667257891,-0.02108735745775,0.0737305790205082,
42.69999999005813,31.17314121602627,0.0171253440822829,-0.0214789107961261,0.0632732660625591,
42.79999999003485,31.17771253498968,0.0284247626701223,-0.0214843911419409,0.0576662063995227,
42.899999990011565,31.187678881933948,0.0706221102349591,-0.0214898714877557,0.0505584726477852,
42.99999998998828,31.184339959638702,-0.0100950640552198,-0.0217014323345744,0.0397223289377379,
43.099999989965,31.18459143597289,-0.0164036471557856,-0.021990759797921,0.0371350534905066,
43.19999998994172,31.183053078704155,0.0050588019572753,-0.0220868537004083,0.0349873963518792,
43.29999998991843,31.17388733267179,-0.0652322837911052,-0.0215239293416068,0.0267298316632817,
43.39999998989515,31.17899884450474,-0.0038028652147273,-0.0209610049828053,0.0300823219807323,
43.49999998987187,31.17506545678095,-0.0048789010792689,-0.0205305630859983,0.0363382911774285,
43.59999998984858,31.18471625137949,0.0247603239289068,-0.020150045976956,0.0192171571790757,
43.6999999898253,31.17926254296465,-0.0402410676374847,-0.019896128661198,0.0140996213629877,
43.79999998980202,31.193336681500416,0.0727596353152312,-0.0201906183578272,-0.0491997186011711,
43.899999989778735,31.194661463141912,0.0147667346699289,-0.0204851080544563,-0.0625352856418698,
43.99999998975545,31.18073639054049,-0.0760914174398947,-0.0198786034339224,-0.0633510231816636,
44.09999998973217,31.16972382518257,-0.1045885874703061,-0.0189155974358605,-0.0517369443528158,
44.199999989708886,31.16714942070861,-0.062884292990131,-0.0180812370374544,-0.0507254210760692,
44.2999999896856,31.1895377926438,0.1061994086632031,-0.0176967446345307,-0.0492455908253785,
44.39999998966232,31.195350057534316,0.0744571688930998,-0.0173122522316069,-0.0396253644412905,
44.49999998963904,31.20699085083889,0.108108176642106,-0.0169162471095456,-0.0430244711276276,
44.59999998961575,31.20005127494993,-0.0053451410031587,-0.0165160003258428,-0.0408941355513152,
44.69999998959247,31.189397320663534,-0.0633141065814614,-0.0162229014708451,-0.0245774700678264,
44.79999998956919,31.186563085094715,-0.0422519101468158,-0.0163175111776199,-0.0301628842763306,
44.899999989545904,31.1872739868008,-0.005516627868811,-0.0164121208843946,-0.028133185839348,
44.99999998952262,31.195282289696568,0.0443750333529887,-0.0169194108037986,-0.0219287939729583,
45.09999998949934,31.20916070512412,0.1061431105329465,-0.0175733849865885,-0.0217109864816328,
45.199999989476055,31.205709356959343,0.0151471409107541,-0.018012040823279,-0.030741947688892,
45.29999998945277,31.20660758685682,0.0128450551591333,-0.0177223577987805,-0.013882060558869,
45.39999998942949,31.193623827663043,-0.0867919544446373,-0.0174326747742819,-0.0015058182654322,
45.499999989406206,31.19246349642583,-0.0382524448472141,-0.0176774458703103,0.0147163879659496,
45.59999998938292,31.19871950860416,0.0316403934054381,-0.0181203625740298,0.0150898611697878,
45.69999998935964,31.206496620585376,0.0575908016154396,-0.0185001500584831,0.0088950805521929,
45.79999998933636,31.2164211043376,0.0835870212676699,-0.0186248165735058,0.0015656441320328,
45.89999998931307,31.209936722427784,-0.001137797879093,-0.0187494830885284,0.011026661061836,
45.99999998928979,31.203204672629404,-0.031296918118038,-0.0184422029757269,0.0208759457343056,
46.09999998926651,31.20669926417044,0.009722953689251,-0.0179677074864119,0.0374385095779492,
46.19999998924322,31.212062615272785,0.0464876732099465,-0.0175963631444756,0.0315412944343439,
46.29999998921994,31.21090560978482,0.0172229899303543,-0.0175918190769472,0.0295904289690712,
46.39999998919666,31.21120273588364,-0.0035457524599595,-0.0175872750094189,0.0144720543476717,
46.499999989173375,31.19710155773545,-0.0777833709293689,-0.0166453962927173,0.0161724380500826,
46.59999998915009,31.19458599922967,-0.0423164689668,-0.0153541676495459,0.0226181132461405,
46.69999998912681,31.18983912024038,-0.0212388709021347,-0.0137466921050816,0.0366932088449408,
46.799999989103526,31.200360244014384,0.0486752927892231,-0.0109640556410861,0.056453152869973,
46.89999998908024,31.218756349972093,0.1480619328028199,-0.0081814191770906,0.0499767770036212,
46.99999998905696,31.225948890651825,0.144313284206031,-0.0076693166889938,0.0433278697013133,
47.09999998903368,31.223343091490737,0.0001354973852561,-0.0080184632740957,0.0277366516449773,
47.1999999890104,31.20299148243305,-0.1487990403806829,-0.0089259862095902,0.0147612255973448,
47.29999998898711,31.178578273770448,-0.1792869381281467,-0.0123266276392253,-0.0174011297975404,
47.39999998896383,31.17122481922383,-0.0954248666443894,-0.0157272690688605,-0.0311919737261359,
47.499999988940544,31.186693265310705,0.0197107920063414,-0.0157183623423632,-0.028003417019732,
47.59999998891726,31.1877717252636,0.1256525524556636,-0.0143948581699063,-0.0399003227639945,
47.69999998889398,31.21454797481191,0.0962108737673277,-0.0131508409983219,-0.0459181448162807,
47.799999988870695,31.20586888729627,-0.0209167228269922,-0.0122043629902426,-0.0620620810281574,
47.89999998884741,31.202619923418407,-0.0236271019881385,-0.0112578849821632,-0.0579411644470918,
47.99999998882413,31.183232460951977,-0.143595889927208,-0.0102553784942562,-0.0593500788129799,
48.099999988800846,31.175037677185276,-0.0969088662289846,-0.0092317997189088,-0.0564565882189112,
48.19999998877756,31.164556971525684,-0.10291266034858,-0.008828230644759,-0.0641696333488435,
48.29999998875428,31.18137310040163,0.0516759623293844,-0.0106277135871623,-0.0600251307294028,
48.399999988731,31.17985738841197,0.0214281343994017,-0.0124271965295656,-0.0651725354584831,
48.499999988707714,31.15350258445971,-0.1820229814912175,-0.0129838625201903,-0.0789247059613951,
48.59999998868443,31.158684426371455,-0.0035156668383032,-0.013055848717463,-0.1212338859347681,
48.69999998866115,31.15169249000333,-0.0423160110861274,-0.0129333685368271,-0.130860649278547,
48.799999988637865,31.17496133056017,0.1478603644384163,-0.0119973887107665,-0.1310149360737965,
48.89999998861458,31.161594524870825,0.0229309828335255,-0.011061408884706,-0.1279421691521232,
48.9999999885913,31.15775470043829,-0.0357709348220333,-0.0101861418212146,-0.1211376982047196,
49.099999988568015,31.151753705821047,-0.0684334730228044,-0.0093335770216518,-0.1107986512400969,
49.19999998854473,31.140460138192523,-0.1048151215089795,-0.0085835736635502,-0.1134746019765186,
49.29999998852145,31.149140905052214,0.00879181672132,-0.0082452412775796,-0.1150968159616028,
49.399999988498166,31.13459680649697,-0.0751526655435537,-0.0079069088916089,-0.1367469702539769,
49.49999998847488,31.12853188749911,-0.0422995282719057,-0.007916489895591,-0.1883510013137487,
49.5999999884516,31.13817234250856,0.0571396973515597,-0.0080527749036794,-0.1850798837755738,
49.69999998842832,31.132327648121542,-0.0211485836563133,-0.00849511981269,-0.1915943160070729,
49.79999998840504,31.120213436955503,-0.0887359922671372,-0.0100639033912237,-0.2066355675310965,
49.89999998838175,31.110914112374616,-0.0833531185692072,-0.0116326869697575,-0.2125059886010981,
49.99999998835847,31.10592253565853,-0.0535028228972505,-0.012828060901445,-0.2198519387596045,
50.09999998833519,31.11594348420863,0.0494661752794218,-0.0138825796746743,-0.2190436297176233,
50.1999999883119,31.122286203909283,0.0497662509079383,-0.0148518004466429,-0.2191371931218193,
50.29999998828862,31.12338188037181,0.0239636878281785,-0.0154233579899099,-0.2292000720433006,
50.399999988265336,31.12065824820592,-0.0042329591308345,-0.015994915533177,-0.235493045565432,
50.49999998824205,31.11473545997525,-0.0351491824109257,-0.0168592386676454,-0.2090505745149665,
50.59999998821877,31.126630274385583,0.0440137995176105,-0.0178321314572662,-0.2105054167506228,
50.699999988195486,31.131946635867177,0.0574961781254989,-0.0187405899682339,-0.212387350770383,
50.7999999881722,31.13713871893199,0.0456882299768917,-0.0194116792283722,-0.2024124620100855,
50.89999998814892,31.13665959334601,0.0044623579356795,-0.0200827684885105,-0.172638708727675,
50.99999998812564,31.133043318940125,-0.0307565860828659,-0.0209347203778105,-0.1468370749263603,
51.099999988102354,31.132616119528542,0.0062176924004098,-0.0218541255172132,-0.1355545356493921,
51.19999998807907,31.13077299162005,0.0097170487117138,-0.0224614353690466,-0.0822445648982324,
51.29999998805579,31.128885579841373,-0.0095470638281253,-0.022007865145204,-0.0639255440425378,
51.399999988032505,31.137916013190512,0.0366369896128602,-0.0215542949213615,-0.0084129350450549,
51.49999998800922,31.13637819061815,0.0223507017287055,-0.0212268767640922,0.0153041211066923,
51.59999998798594,31.127435982767743,-0.0600456529018987,-0.0209466486844796,0.0265484281067225,
51.699999987962656,31.127596663752374,-0.0189815890011603,-0.0206712343123866,0.0366764062289952,
51.79999998793937,31.122408633897912,-0.0157048519935877,-0.0204128637829811,0.0386081965384376,
51.89999998791609,31.11979644160278,-0.0449060554228661,-0.0201544932535757,0.0610279167766008,
51.99999998789281,31.12847311951668,0.0521945232471142,-0.0203003887042198,0.0623054283335837,
52.09999998786952,31.134499970443347,0.0828354241026767,-0.020598003666809,0.0588014453765385,
52.19999998784624,31.145968535032008,0.0928681558735564,-0.0210079124747462,0.0516101619306053,
52.29999998782296,31.14652420617393,0.0451294549556512,-0.0218179064767023,0.0508856348166037,
52.39999998779968,31.139612346780517,-0.0321984217129918,-0.0226279004786584,0.0565491626593356,
52.49999998777639,31.13128511000664,-0.0792551961820215,-0.0229522799598151,0.0678243715335966,
52.59999998775311,31.12088548468202,-0.0895830828142728,-0.0230921498163041,0.0840436252705232,
52.69999998772983,31.121914602961965,-0.0275308493846919,-0.0232202147358483,0.0929370155592035,
52.79999998770654,31.12366766591441,0.0049297738056061,-0.0233056793299585,0.0947237758009531,
52.89999998768326,31.124515012472106,0.0058647397214816,-0.0233911439240687,0.0972654052887046,
52.999999987659976,31.125518829178283,0.0065973751644941,-0.0239098385814501,0.0997275784452523,
53.09999998763669,31.12117009159625,-0.0205466651533633,-0.0245968087917837,0.1017769114163134,
53.19999998761341,31.115755211542204,-0.0361998180067984,-0.0252025394017914,0.1031401131326987,
53.29999998759013,31.109354327103613,-0.0530539336829744,-0.0254693836721974,0.102588026247512,
53.39999998756685,31.10558383496223,-0.0382518239730557,-0.0257362279426034,0.0887792947165537,
53.49999998754356,31.096148037179045,-0.0676158415716918,-0.0259313533909583,0.0899131845526906,
53.59999998752028,31.10688837592944,0.0549827150211892,-0.0260993844813143,0.0701602284205697,
53.699999987496994,31.111816570312687,0.0515746029949277,-0.0262876495418407,0.0679781159920198,
53.79999998747371,31.12055960792221,0.0217659212152407,-0.0265652812084499,0.047382573191283,
53.89999998745043,31.129434579747254,0.0816077860853649,-0.0268429128750592,0.0464149826308026,
53.999999987427145,31.111131578655737,-0.0941020821352258,-0.0266939598311017,0.0291657936148306,
54.09999998740386,31.109799607220875,-0.0217676713107922,-0.0263767669639372,0.0133841709646965,
54.19999998738058,31.114138807314383,0.0284130463824268,-0.0259548463753988,-0.0499223923036412,
54.299999987357296,31.12205152884177,0.0473833617508985,-0.0251008763514963,-0.063837152797656,
54.39999998733401,31.121535676607586,0.0095321944011837,-0.0242469063275938,-0.0696697743178485,
54.49999998731073,31.11750667370585,-0.0203660553416984,-0.0235258640102048,-0.1176990793248242,
54.59999998728745,31.120118379220376,0.0083543343035259,-0.0228532456689515,-0.0992560654214937,
54.69999998726416,31.116509038934204,-0.0209818187537404,-0.0223749041051339,-0.1093532716317121,
54.79999998724088,31.11745582243244,0.0085932884281144,-0.0225825216913085,-0.108545240844371,
54.8999999872176,31.12112606858168,0.0218215421808779,-0.022790139277483,-0.1295747176854605,
54.99999998719432,31.124031130108857,0.0092912580631965,-0.0230482202218527,-0.1322719564068205,
55.09999998717103,31.12349139703372,-0.0012281397522805,-0.0233257631037138,-0.1380149928869495,
55.19999998714775,31.1214531381705,0.0062787641669588,-0.0235607396962736,-0.1474654598665906,
55.29999998712447,31.12014138793235,-0.0077085394307816,-0.0236161367360047,-0.1459702435321654,
55.39999998710118,31.10542551375372,-0.1169861159678011,-0.0236715337757359,-0.1329089506129457,
55.4999999870779,31.107447012528635,-0.0327770160070446,-0.0235786581406292,-0.1270582619828554,
55.599999987054616,31.112096123430263,0.0220317648623346,-0.0234306703781224,-0.1211217483775579,
55.69999998703133,31.118210792820577,0.0649663134071674,-0.0233091217458106,-0.0770718646771801,
55.79999998700805,31.119366491771803,0.0211473644729936,-0.0232812645707464,-0.0665678678219889,
55.89999998698477,31.115659507728267,-0.0242261578853975,-0.0232534073956822,-0.0604944136792441,
55.99999998696149,31.107620082498805,-0.0613371853853884,-0.0231294946615263,-0.0552050879332992,
56.0999999869382,31.112084095772676,0.0138381112075304,-0.0229703432125616,-0.0304667581242149,
56.19999998691492,31.107252312241,-0.0295496249875804,-0.0228450060693965,0.0115133751260305,
56.29999998689164,31.111908938322888,0.0062449495059997,-0.0228380016354317,0.0526404033343659,
56.39999998686835,31.12010509877909,0.0558976308549059,-0.0228309972014668,0.0508547326159317,
56.49999998684507,31.11128792449931,-0.0424160664892813,-0.0227538625679186,0.0438760815878368,
56.599999986821786,31.120661257353618,0.041714734266505,-0.022650227543766,0.0409129602512931,
56.6999999867985,31.12195269967109,0.0250632023124441,-0.0225646719629996,0.0391275356234848,
56.79999998677522,31.11991450861234,-0.0285930121338098,-0.0225566989132618,0.0401190099753122,
56.899999986751936,31.118229908330168,-0.0134735075321358,-0.022548725863524,0.0438519374177152,
56.99999998672865,31.116208641788024,-0.0119676336719211,-0.0225434736900406,0.0559652903668238,
57.09999998670537,31.12985125390553,0.0778901923444271,-0.0225392802227863,0.0493345886432494,
57.19999998668209,31.13441563741004,0.0546272057079392,-0.0226206834002504,0.0631274241298193,
57.2999999866588,31.14050155046689,0.0515212248220746,-0.0230580539502255,0.0767414730335125,
57.39999998663552,31.14345297801202,0.0321725981274131,-0.0234954245002007,0.1037967536187784,
57.49999998661224,31.145600953375684,0.03258358553193,-0.023810707051778,0.0898357241771808,
57.59999998658896,31.141181790142472,-0.017038159826773,-0.0240822424823567,0.0997020592812342,
57.69999998656567,31.144902672168296,0.0102200467091018,-0.0243170086185709,0.1002023949902705,
57.79999998654239,31.1403081029598,-0.0630579128241658,-0.024399331009376,0.100763474270769,
57.89999998651911,31.157281406246813,0.1546372172589896,-0.0244816534001812,0.1038796842630532,
57.99999998649582,31.15119134569607,0.0432152746922059,-0.0244932375404751,0.1095242320024324,
58.09999998647254,31.15498429217113,0.0428806254428336,-0.0244771317447954,0.1158826060929829,
58.19999998644926,31.16669290944196,0.0941617723962723,-0.0245196355613869,0.1110677104345432,
58.29999998642597,31.16606637809025,0.0338290260060709,-0.0247945009549305,0.0839478626035443,
58.39999998640269,31.16716778040978,0.0176572789690434,-0.0250693663484741,0.0770604759793973,
58.49999998637941,31.166570848801648,-0.0019208295064921,-0.0249091268659162,0.061020087726651,
58.59999998635613,31.160767338221063,-0.0331342804444731,-0.0245782340744506,0.0362904803405509,
58.69999998633284,31.162249323385144,-0.0087452376395566,-0.0242302298310439,-0.0510881778255737,
58.79999998630956,31.167230665000705,0.0258582342305225,-0.0238120487944025,-0.220804005767794,
58.89999998628628,31.175034135058905,0.1117206563870926,-0.023393867757761,-0.187141788985679,
58.99999998626299,31.132478920218464,-0.3658717234609621,-0.0227657853592202,-0.1892190823261173,
59.09999998623971,31.16675246710748,0.002444556354298,-0.0220549094034011,-0.1744879044728971,
59.199999986216426,31.167148988348163,0.0010093655618363,-0.0212641355874214,-0.1659634281034087,
59.29999998619314,31.160694050176005,-0.0316726692924884,-0.0201767077309487,-0.1599911833851834,
59.39999998616986,31.162693946757457,-0.00044239594628,-0.0190892798744761,-0.1551734703717167,
59.49999998614658,31.1721098859078,0.05177314980158,-0.0187190424250424,-0.1513999258305156,
59.599999986123294,31.18181904054534,0.0707214065568745,-0.0186192508486153,-0.1368914465599647,
59.69999998610001,31.1821864583758,0.0167997250652463,-0.0187196780157941,-0.1153023555927712,
59.79999998607673,31.18278410954257,0.0011264892669935,-0.0196339483806917,-0.0976975409858816,
