t,vEgo,aEgo,roll,targetLateralAcceleration,steerCommand
0.0,33.567039489746094,0.0523841977119445,0.0292471192856169,-0.083102773906392,0.2646302068855233
0.0999999999767169,33.56648489497792,0.0015612764291452,0.0289261815435271,-0.0618552290470435,0.2771238249142544
0.1999999999534338,33.56158481624236,-0.0254658484327658,0.0286052438014373,-0.0723463907914111,0.2853985814801261
0.2999999999301508,33.55621485768338,-0.0530844172971169,0.0282843060593475,-0.101133696349493,0.280503263724824
0.3999999999068677,33.55331939277772,-0.0434591155415532,0.0279491524310617,-0.121487637745594,0.27903291453791595
0.4999999998835847,33.55371407314908,-0.0050990642584466,0.0275600385847752,-0.1151803847342843,0.26976890634875716
0.5999999998603016,33.55314110138502,0.0076657833839971,0.0271709247384887,-0.115950469040274,0.2610703314116463
0.6999999998370185,33.56510450587024,0.0669634053891503,0.026872568123211,-0.0999436361326992,0.2625766974968637
0.7999999998137355,33.57472582205889,0.0718651943733085,0.0266118588054798,-0.0847622808845362,0.2653617876267243
0.8999999997904524,33.587755702879484,0.1077662298982907,0.0264574913187797,-0.0895343865964358,0.251259998927004
0.9999999997671694,33.57382026390257,-0.0458767932985522,0.0267008698200189,-0.0926836159757523,0.23399106095862907
1.0999999997438863,33.55662508946015,-0.1328923109835104,0.0269442483212581,-0.061208116919733,0.22682704465557837
1.1999999997206032,33.555481716742065,-0.045422188899574,0.0273505589189702,-0.0220900651788879,0.22330086438324392
1.2999999996973202,33.55503846057362,-0.0055387678974178,0.0278257496158055,-0.0029243460809451,0.22307220442275227
1.399999999674037,33.56375223041201,0.0527416944055544,0.0280157225559171,0.0059672434732671,0.2177564427645036
1.499999999650754,33.57337999236223,0.0757944046981853,0.0271471621887525,-0.0021928620694485,0.20926603501808916
1.599999999627471,33.581472591935736,0.0818418300660978,0.0262786018215878,-7.024622873072536e-05,0.19278774841642896
1.699999999604188,33.58890780085549,0.0786731927193969,0.0260124412284272,0.0143378334013999,0.17768078293095674
1.7999999995809048,33.589755805397814,0.0287009981812669,0.0259929147529358,0.047182692818802,0.16946300666716183
1.8999999995576216,33.58179480321716,-0.0455398422705188,0.0258131618194908,0.0756345624198274,0.16556278627717955
1.9999999995343387,33.58261688306352,-0.0061145751765843,0.0250448947753959,0.0844343777853654,0.16140322891940898
2.099999999511056,33.58373694645143,0.0103764916855333,0.0242766277313009,0.084633892347436,0.16094283718117897
2.1999999994877726,33.57280473150682,-0.0712094132106139,0.0232251304231505,0.0826549111363773,0.16300356613143002
2.299999999464489,33.57528393524465,-0.0062835245503674,0.0220614917838521,0.072135733307875,0.1540334376272238
2.3999999994412065,33.57594951108206,0.0075770034212311,0.0210450165853032,0.0580769609313468,0.15411323782190348
2.4999999994179234,33.57536560653702,0.001817885056933,0.020604891281392,0.0715277206526935,0.14944127884282313
2.5999999993946403,33.56679403563969,-0.0601434632249412,0.0201647659774808,0.0671160805527465,0.14861160429161982
2.6999999993713573,33.56478128645174,-0.0379335341757019,0.0196543425447512,0.0713582734180621,0.14720231632347613
2.799999999348074,33.561764807707,-0.0246897764019706,0.0191167596965919,0.0677455975660768,0.14272638487909253
2.899999999324791,33.55939555883725,-0.0149257994250947,0.0186575286197342,0.0660404746310993,0.1369646566602843
2.999999999301508,33.56792457664792,0.0370252775513153,0.018487777119071,0.0731485146184935,0.13707609917766633
3.099999999278225,33.5803824596356,0.0946453666354816,0.0183180256184078,0.0827595200070053,0.13954565412813086
3.199999999254942,33.571493686701935,-0.0208223037267606,0.0183624089521309,0.0830330761799665,0.1377030671485627
3.299999999231659,33.56478148354607,-0.0497052436019868,0.0184904955189431,0.0794673472202966,0.14158532676114202
3.399999999208376,33.55956922310314,-0.041595853725956,0.0188446602310348,0.0866058227504153,0.14657090287013327
3.4999999991850927,33.5479439633143,-0.0685560307068319,0.0199765131848657,0.090135004074655,0.14316994817194956
3.5999999991618097,33.5340029865776,-0.1020044148897684,0.0211083661386966,0.0915017465492295,0.15549662043547202
3.699999999138527,33.52173037453604,-0.1259606989071244,0.0214481721332457,0.1016235607642256,0.17349363172456372
3.799999999115244,33.507042859619496,-0.13510483598471,0.0214821161617319,0.0777430220897235,0.18316678715973514
3.899999999091961,33.49934057412319,-0.0865621623814821,0.0215408204688199,0.0427502268249103,0.18521435175827738
3.999999999068677,33.4893757852681,-0.0997674205146754,0.0216886556509005,0.0250657192369745,0.18339065958145562
4.099999999045394,33.47347909522694,-0.1472097042142255,0.021836490832981,0.0225799693053212,0.18763996778246234
4.199999999022111,33.46489919850129,-0.117938371826644,0.0218307131235455,0.0262248906705707,0.20905395160039492
4.299999998998828,33.45127661819102,-0.113480391528829,0.021764033006271,0.0172377929831449,0.21172515634841305
4.399999998975545,33.43524806206718,-0.1329245738145119,0.0217058769894874,-0.0259290476402445,0.21900121831743793
4.499999998952262,33.420565195235405,-0.1504939950068808,0.0216785540978688,-0.0314014410660357,0.22620443627231507
4.599999998928979,33.40972719110327,-0.1137092861303534,0.0216512312062503,-0.0461541010778949,0.2247490848822855
4.699999998905696,33.39977076446608,-0.1058593274790061,0.0214457619618314,-0.062546068626636,0.22448535772039246
4.799999998882413,33.38234037738545,-0.1581066978175008,0.0211687210295779,-0.0621476747363933,0.22561753505313104
4.89999999885913,33.36872000332835,-0.1494468250813528,0.0209091495936426,-0.0640173713728862,0.22579222192008086
4.999999998835847,33.34706818316926,-0.1882551077424054,0.020716040390574,-0.0679544826694767,0.2207407765836295
5.099999998812564,33.33529672138948,-0.1467161001333085,0.0205229311875055,-0.0700727550021687,0.21958649884583004
5.199999998789281,33.32319234102273,-0.1420905800584332,0.020545720606922,-0.0595814803930182,0.21359963584853864
5.299999998765998,33.312942474460385,-0.1153929733834839,0.02064717434048,-0.0561653992133522,0.2129860861492211
5.3999999987427145,33.29323369463135,-0.1723525985466277,0.0207354336610279,-0.0431164159770939,0.21364728463863672
5.499999998719432,33.27031827221356,-0.2083104825223089,0.0207740935811681,-0.041279363581794,0.20850567529585376
5.599999998696148,33.25104574200823,-0.1854191465610057,0.0208127535013082,-0.0420251385657219,0.20250879907694858
5.699999998672865,33.23230001595153,-0.1755006794531766,0.020609839810608,-0.0335739499818354,0.201109938903769
5.799999998649582,33.209866199404104,-0.1976751640213049,0.0202932866321385,-0.0245293223361696,0.19806136852991518
5.899999998626299,33.17946073610798,-0.2690432753113091,0.0197734658753381,-0.0265595298229837,0.19531547043857805
5.999999998603016,33.167294917924536,-0.2133830121616916,0.0184959930421101,-0.0329280300420614,0.1968030197132033
6.099999998579733,33.14756213577035,-0.1884484183272028,0.0172185202088821,-0.0398357234491766,0.1882836516317148
6.19999999855645,33.13601562683755,-0.1637547990641336,0.0166257776625149,-0.0484875426848633,0.16124114465295225
6.299999998533167,33.11626233410734,-0.1808754649872357,0.0162982975762749,-0.0346799887890875,0.15517493746709202
6.399999998509884,33.1053254115353,-0.1320178324986843,0.0160803508565747,0.0164363158894947,0.15783843296384475
6.499999998486601,33.092789974284784,-0.1171084017626535,0.0162855295284288,0.0304122099876826,0.16108428660661098
6.599999998463318,33.08954349157556,-0.0699834921091109,0.0164907082002829,0.0272396054702862,0.1621734269493393
6.699999998440035,33.08909194727397,-0.0143009717412503,0.0169334010639031,0.0252330996096629,0.14961992662355875
6.799999998416752,33.078993422172466,-0.0528430541592929,0.0174748033914363,0.0284875018493111,0.147733745054153
6.899999998393469,33.06324024756996,-0.1280733203252058,0.0178682327157181,0.0569958356480824,0.14692614682005078
6.9999999983701855,33.05222250112073,-0.1240372380402232,0.0177714696699584,0.0598019368488751,0.14561260987186356
7.099999998346902,33.04280375049703,-0.0944280184102694,0.0176747066241986,0.0604917767534978,0.14677939605366566
7.199999998323619,33.036899995827774,-0.0745362715167889,0.0173782581831653,0.0601836945748399,0.1512836576552097
7.299999998300336,33.03914501476328,-0.0129830751463047,0.0169820237420262,0.054008602396507,0.15424688773011483
7.399999998277053,33.04600183049421,0.0465173424723438,0.0167866694299314,0.0432622125922878,0.15603898547939268
7.49999999825377,33.036508006239295,-0.0343598097237866,0.0173172246332717,0.0427511992370276,0.1512657596880374
7.599999998230487,33.01903255915402,-0.1208034595494857,0.017847779836612,0.0445836724021527,0.1434377396057315
7.699999998207204,32.99737435084299,-0.1681123727372437,0.0180863297339479,0.0563876104791513,0.14414673132899689
7.799999998183921,32.97652492044761,-0.182475209158495,0.0182029394215942,0.0729083238117509,0.14551960696454047
7.899999998160638,32.96439544804858,-0.1422763658342322,0.0182839654070389,0.0724042927489392,0.14572242117013737
7.999999998137355,32.95919237496834,-0.0977722637599146,0.0182368346794082,0.0693073618586275,0.1444341898285715
8.099999998114072,32.96228949123155,-0.004401976153466,0.0181897039517776,0.068430144285138,0.1441240428403084
8.199999998090789,32.95980439279012,-0.033157134306234,0.017884406506284,0.0679566959514475,0.15052032816256225
8.299999998067506,32.953019887554966,-0.0511780075768931,0.0174729093294107,0.0645680170908586,0.1530490216789078
8.399999998044223,32.94995430412004,-0.0261702863936418,0.0171244877404182,0.0487320372334531,0.1563341316035864
8.49999999802094,32.94499073221667,-0.0588906019667631,0.0170144048521386,0.042764495624866,0.1616910746451349
8.599999997997656,32.939697164721075,-0.0553236151799009,0.016904321963859,0.0353239671868615,0.17993761590744356
8.699999997974373,32.93962494607189,-0.0186702788161955,0.0167307174956539,0.02317799664287,0.18229373349777467
8.79999999795109,32.93940028770024,-0.0042457714759784,0.0165340229256182,-0.0144301398085909,0.17943544876997566
8.899999997927807,32.94115328293649,0.0132492307980454,0.0163868396579381,-0.0205087009437095,0.17588157991219766
8.999999997904524,32.94435483158274,0.0196217155319393,0.0164216670271845,-0.0145888082903356,0.174244881738089
9.09999999788124,32.94768967909255,0.032638800591055,0.016456494396431,-0.0073111532017299,0.17495142991503435
9.199999997857958,32.93830803700385,-0.0500566194783508,0.0162509358724971,-0.0060475368190404,0.17491516139621494
9.299999997834677,32.93739304332471,-0.0359290808124037,0.0159493586035736,-0.0103812278539159,0.1740154040286782
9.399999997811392,32.93293807232491,-0.0273780136265738,0.0157411999591705,-0.0123161869852223,0.17276584724152586
9.499999997788109,32.93624106902211,0.0138263871961789,0.0159061431161058,-0.0089638728319172,0.170541982860661
9.599999997764826,32.93002029904205,-0.0477291070888506,0.0160710862730411,-0.0048517062852116,0.16845383509799386
9.699999997741545,32.92371533878888,-0.0512557234539623,0.0163325211786039,0.0021105693223811,0.17207613964534318
9.79999999771826,32.92199728074752,-0.0190838725458088,0.0166335735039438,0.0091569968639898,0.17527373791063397
9.899999997694977,32.92197044806096,-0.0248787682128053,0.0168987557879958,0.004679197134771,0.17412760560552648
9.999999997671694,32.92050730677703,-0.0237135885105543,0.017027380386068,-0.0003021332862006,
10.09999999764841,32.91537600664272,-0.0330742949679742,0.0171560049841401,0.0032430199585364,
10.199999997625127,32.91748114044541,0.0019116676147287,0.0173438526013375,0.0068701857178779,
10.299999997601844,32.91602736176454,-0.0059366608391654,0.0175547655072594,0.0112178538181148,
10.39999999757856,32.91729623288942,0.0113567075579867,0.017734197668834,-0.0186299446159435,
10.499999997555278,32.9143075441696,-0.0117234328362286,0.0178090962636242,-0.0288187284081458,
10.599999997531995,32.91986131834076,0.0269563499186502,0.0178839948584144,-0.0311946575383766,
10.699999997508712,32.928928300789565,0.070106466296156,0.0181476065617817,-0.0592900378945823,
10.799999997485427,32.92943310910932,0.0387741461245021,0.0184983687472165,-0.0656684137455609,
10.899999997462146,32.930337404885435,0.0074900620941577,0.0187737072365704,-0.0741333241584851,
10.999999997438865,32.93965826597418,0.0689967670050577,0.018774056204012,-0.0534756287962213,
11.09999999741558,32.93789771133169,0.0270270798486097,0.0187744051714536,-0.0503519681947817,
11.199999997392297,32.935765983778175,-0.0159055519430477,0.0186281552474722,-0.0579143920326052,
11.299999997369014,32.942949749454954,0.0370201413644282,0.018416214978119,-0.0736303727103475,
11.39999999734573,32.95707460748877,0.1064476070332115,0.0183004832385345,-0.0675907716648656,
11.499999997322448,32.96794382304212,0.116577647812325,0.0185635631138685,-0.0634962255487864,
11.599999997299165,32.97674753680656,0.0922921405856332,0.0188266429892026,-0.0597678431003014,
11.69999999727588,32.994714151898734,0.1552778486194387,0.0193936384688368,-0.0455871932443493,
11.799999997252598,32.99745606494333,0.0794222881155402,0.0200869454809387,-0.0277862291770243,
11.899999997229315,33.006822154456664,0.0728561697933961,0.0207127829168597,-0.0201680200199224,
11.999999997206032,33.01402711731086,0.0811208075794075,0.0210933042801787,-0.0171123501502514,
12.09999999718275,33.0272532089507,0.1155501599892906,0.0214738256434977,-0.0169501981885875,
12.199999997159466,33.03429828171756,0.082445495450446,0.0215763314766145,0.0038892724405152,
12.299999997136185,33.051292206818154,0.1344347375927899,0.0215775278582267,-0.0091290963961335,
12.3999999971129,33.06950275268423,0.1731992368983004,0.0215252172057438,-0.0328058578669022,
12.499999997089615,33.08130059269375,0.1338216057589187,0.0212607437268548,-0.0238523978851335,
12.599999997066334,33.097598559333136,0.1510728141853641,0.0209962702479659,-0.0236132552721739,
12.69999999704305,33.11464204042452,0.1785440926955434,0.0204543102188769,-0.0236144185877513,
12.799999997019768,33.125189507964635,0.1411514651118323,0.0198002695956771,-0.0333994152075708,
12.899999996996485,33.13357435432236,0.1087844415220284,0.0193791522782653,-0.0351870065419636,
12.999999996973202,33.14519805997456,0.1045706757045474,0.0198731757391165,-0.0549016653873081,
13.09999999694992,33.150756212418166,0.0733957639274381,0.0203671991999677,-0.0497660076647392,
13.199999996926636,33.15050545999242,0.0226832374718263,0.0210579954028841,-0.0434116748312961,
13.299999996903352,33.15784602517744,0.0420754698019398,0.02182826346106,-0.0435374153199895,
13.39999999688007,33.155627224288736,0.0105535001325048,0.0224759362754739,-0.0584677273092436,
13.499999996856786,33.16465848888906,0.0509427933158423,0.0226361587711817,-0.0833902890012625,
13.599999996833503,33.1803257019191,0.1065454210196471,0.0227963812668894,-0.1310388844900758,
13.69999999681022,33.203635603730994,0.2049409452147065,0.023341522131465,-0.1368089871662123,
13.799999996786935,33.20439721734495,0.0894261156940365,0.0240391888057164,-0.1854042596189404,
13.899999996763654,33.20402211294887,0.0133453292480198,0.024636860068502,-0.1769636189383396,
13.999999996740373,33.20352434304237,0.0044658717112426,0.0249119394987661,-0.1741673157226477,
14.099999996717088,33.21776686325213,0.1116289513626819,0.0251870189290303,-0.2169657764272437,
14.199999996693805,33.22849841630415,0.1162003256394037,0.0250944150834315,-0.2323999169987655,
14.299999996670522,33.24677524260666,0.1389499405194866,0.024847225862738,-0.2512056631468499,
14.39999999664724,33.256117503463706,0.1099891913569077,0.0246416050699336,-0.2915459622986164,
14.499999996623956,33.27189250555656,0.155652704416965,0.0245947540831795,-0.311033959482641,
14.599999996600673,33.27354408455532,0.041922301133336,0.0245479030964255,-0.3082027013819833,
14.69999999657739,33.29141630812506,0.1260134160869395,0.0245587440849366,-0.3031692554123546,
14.799999996554106,33.311043779779304,0.1956063956094238,0.0245925746141703,-0.2989686857248181,
14.899999996530823,33.32223827487174,0.1539932837753084,0.0246417910771791,-0.3002301316408559,
14.99999999650754,33.33743280749248,0.1334860220803636,0.0247443737000556,-0.3001296051746098,
15.099999996484256,33.355103309113254,0.1718240987778975,0.0248469563229321,-0.2944265522488543,
15.199999996460974,33.35631275873975,0.066742309698579,0.0250423272945052,-0.286892770069958,
15.299999996437691,33.35671564764387,0.0095525368767974,0.0252707682307494,-0.2731231520275049,
15.399999996414408,33.36578749664896,0.0424733880170554,0.0254808021662499,-0.2602181137635803,
15.499999996391123,33.37436854948745,0.0957060415693099,0.0256221473075849,-0.254029348587185,
15.599999996367842,33.38048017149551,0.0717331915912652,0.02576349244892,-0.2645281393465478,
15.69999999634456,33.38284216123011,0.0209277760811003,0.0255349160149465,-0.2350796860985762,
15.799999996321276,33.38754339913355,0.0394645851011218,0.0251772163103201,-0.2152356927441153,
15.899999996297993,33.389322391708845,0.0498527220802872,0.0248030802426966,-0.215791859507942,
15.99999999627471,33.37975378952384,-0.038000974311484,0.0243679860822173,-0.2184182736212804,
16.099999996251427,33.37656400470723,-0.0487673512571166,0.023932891921738,-0.1958680210301848,
16.199999996228144,33.38212488752742,0.0268901279126224,0.0239138848813188,-0.0622346389294869,
16.29999999620486,33.37185159477356,-0.0476565657621534,0.0240697878059097,-0.0130174151499278,
16.399999996181577,33.36423699915129,-0.0783144412265834,0.0241043465088253,-0.019202815755314,
16.499999996158294,33.36895552497883,-0.0064489276914705,0.0236821478014287,-0.0237429407147604,
16.59999999613501,33.376462679462726,0.0666554887859449,0.0232599490940321,-0.0187766931459654,
16.69999999611173,33.39059716892103,0.1143786828232731,0.0228158700872263,-0.0278326912014861,
16.799999996088445,33.39994721814548,0.082928173349163,0.0223631521914172,-0.0264300846504735,
16.899999996065162,33.409837629492294,0.0977685415859915,0.0219178535136297,0.0092830561818935,
16.99999999604188,33.41030486521002,0.0551528715994452,0.0214975365912607,0.0370685554649852,
17.099999996018596,33.41156522684125,0.0258131656579826,0.0210772196688917,0.0422106468310218,
17.199999995995313,33.41814528476348,0.0398505095864237,0.0206267801708002,0.0790284318526569,
17.29999999597203,33.43285638920495,0.1269144638715819,0.0201641625160625,0.0774696596691448,
17.399999995948747,33.42869876130865,0.0225743322134649,0.0197470117672749,0.0931916166811919,
17.499999995925464,33.43173779778215,0.0003688151370943,0.0194963405768292,0.1072816349249686,
17.59999999590218,33.43994590743996,0.0319152304183417,0.0192456693863835,0.127910498495927,
17.699999995878898,33.44832057819345,0.0852737917273119,0.0191114438898421,0.1295043390757,
17.799999995855615,33.44582835706826,0.0196191951118104,0.0190266757645352,0.1291104462024873,
17.89999999583233,33.45274318255351,0.0263811376090494,0.0190601185316169,0.1421186349717993,
17.99999999580905,33.464868705601226,0.0889882635792281,0.019551969445712,0.1598637000442301,
18.099999995785765,33.47158902074155,0.081250518680606,0.0200438203598071,0.1843910528229798,
18.19999999576248,33.47220524872011,0.0136441965245766,0.0202449502624562,0.1963399620134641,
18.2999999957392,33.4707326055191,-0.036851515489928,0.0203265464292477,0.1839588682982039,
18.39999999571592,33.4762990521206,0.0337698028025734,0.0203845416482067,0.1902971737081571,
18.499999995692637,33.46658588112712,-0.0404640770537508,0.0203552439703667,0.1867351061819501,
18.59999999566935,33.46535338432388,-0.0570059931696132,0.0203259462925266,0.1844974210888598,
18.699999995646067,33.4688533508778,0.001758767659975,0.020073950986178,0.1808504618277348,
18.799999995622784,33.47424661909537,0.0546932174831613,0.0197405554229172,0.1738135471448419,
18.8999999955995,33.46588299624256,-0.0267708696510182,0.0194765897128981,0.1814972303436362,
18.999999995576218,33.467623667169995,-0.0145727553466366,0.0194742404686167,0.2264930221962596,
19.09999999555293,33.47164291397181,0.0285789235102882,0.0194718912243353,0.2429640418241513,
19.19999999552965,33.458346747287,-0.0595672295963491,0.0193047286180036,0.2357539872173519,
19.29999999550637,33.447930920393794,-0.103001054612077,0.0190740119758019,0.2425711503743373,
19.39999999548309,33.44585806492599,-0.0603034807496433,0.018870569564643,0.256893261006041,
19.4999999954598,33.4475021752691,-0.0016112374858705,0.0187689944967191,0.2482956835945502,
19.59999999543652,33.439961510842785,-0.0383445730103115,0.0186674194287951,0.2849264507297736,
19.69999999541324,33.430863644105315,-0.0937122395706418,0.0185740589759506,0.3131109710496504,
19.799999995389957,33.42360542724903,-0.0911873475921717,0.0184839825159256,0.3114563705774323,
19.89999999536667,33.41225481832596,-0.0834075151879199,0.0183916665685882,0.3255376223232568,
19.999999995343387,33.402931845313226,-0.0885006621936903,0.01829067480552,0.3308972361436336,
20.099999995320104,33.399162921669536,-0.0705082081189048,0.0181896830424518,0.3331940458280815,
20.19999999529682,33.400962806874894,-0.0032524926383554,0.0181994548128668,0.3339682697850911,
20.299999995273534,33.403097622115254,0.0323984885424342,0.0182511562417073,0.3233797598764366,
20.39999999525025,33.399411633098936,-0.0233831700857008,0.018315941162376,0.3221640103277631,
20.49999999522697,33.39957392230484,-0.024232874511034,0.0184248248768843,0.3190193042116679,
20.59999999520369,33.40411886218803,0.0452746110817435,0.0185337085913926,0.3182591449363634,
20.69999999518041,33.39976739431408,-0.0022584146732592,0.0184131287150494,0.308783736393724,
20.799999995157123,33.410517524195775,0.0478339880815242,0.0181900617969918,0.3123701345927278,
20.89999999513384,33.41738061127498,0.0579343563801314,0.0181109254423751,0.3148621145974092,
20.99999999511056,33.42851547300341,0.1042094176038012,0.0185481208408032,0.2878390589641274,
21.099999995087277,33.4233567989392,0.0082301155694277,0.0189853162392314,0.2290093124617459,
21.19999999506399,33.42389512354413,-0.0216231394821015,0.0196190868937545,0.2349675000842872,
21.299999995040707,33.43436721895371,0.0661512386479323,0.0203356836457723,0.220624716866287,
21.399999995017424,33.42952068581099,0.0018340324283033,0.0210266612615676,0.1251002721888788,
21.49999999499414,33.431205075700696,-0.0067407738794358,0.0216225008995317,0.1267137354837681,
21.599999994970855,33.43884559202263,0.0304748787196697,0.0222183405374957,0.1180393758956966,
21.69999999494757,33.44683949251487,0.0844637392688298,0.0227001245550603,0.0758155516800381,
21.79999999492429,33.434770130711875,-0.0490258702259938,0.0231338582671515,-0.0050689384429567,
21.89999999490101,33.42922205169191,-0.0803060626306133,0.023591367349299,-0.0116839447427632,
21.99999999487773,33.42547227615865,-0.0608926138665247,0.0241351458494495,-0.03990411147991,
22.099999994854443,33.422176212271964,-0.0184848852752461,0.0246789243496001,-0.1443289942127468,
22.19999999483116,33.412211771388115,-0.0634499007532748,0.0252172430445269,-0.1506118388156997,
22.29999999480788,33.41364560408826,-0.0420811641399774,0.0257535773635964,-0.1558980707769931,
22.399999994784597,33.4182102495358,0.0228603276752898,0.0259166276799767,-0.1551524478856132,
22.49999999476131,33.40401057067631,-0.0646201549080934,0.0246813368491178,-0.166065601777665,
22.599999994738027,33.399436077154576,-0.0620967803599976,0.023446046018259,-0.1573548901314061,
22.699999994714744,33.403190676083625,-0.000275668903118,0.0225175447314779,-0.1554353250700009,
22.79999999469146,33.4142439142752,0.0812158006667168,0.0217226273432689,-0.1765689867054093,
22.89999999466818,33.412507814089466,0.0181963517402986,0.0213171710325431,-0.1722528806693972,
22.99999999464489,33.413737620489755,-0.0078437068355903,0.0223303280228268,-0.1431955987294864,
23.09999999462161,33.4087280966279,-0.0394004023412379,0.0233434850131105,-0.0992064963575216,
23.19999999459833,33.39235869458474,-0.0952743388568646,0.0249276739289611,-0.0989343905455621,
23.29999999457505,33.36803326359843,-0.197810944096306,0.0267560225006137,-0.0778104129477581,
23.399999994551763,33.35669354650497,-0.159723393675793,0.028272096309304,-0.0340286670870577,
23.49999999452848,33.36025582864887,-0.0164464687589601,0.0286413956173174,-0.0360270282262431,
23.5999999945052,33.33718979048948,-0.1135863985711543,0.0290106949253307,-0.0207327307935873,
23.699999994481917,33.33631799104797,-0.0609760699718637,0.0291444445521219,-0.0196193713360393,
23.79999999445863,33.339756522608205,0.0115408099588362,0.0291825493444719,-0.0190965593002185,
23.899999994435348,33.34091435714548,0.0290325308929628,0.0291580955093634,-0.0170840853760509,
23.999999994412065,33.32891574628712,-0.068006382219867,0.028921759094691,-0.0150746056739609,
24.09999999438878,33.31608605321909,-0.1206888993291002,0.0286854226800185,-0.0162572773587347,
24.1999999943655,33.310254051365824,-0.0791039850512901,0.0279088273964224,-0.0238620003328388,
24.299999994342212,33.30448140797134,-0.0486930604692307,0.0269196176016407,-0.0234699454955199,
24.39999999431893,33.30120972748712,-0.041635059591895,0.0260591063749394,-0.0125347186426764,
24.49999999429565,33.30648992561045,0.0089702489059946,0.02567897348865,0.0132748710745433,
24.59999999427237,33.31040576040576,0.0356149137344494,0.0252988406023607,0.0226142420291468,
24.699999994249083,33.30257320433284,-0.0387068342819523,0.0252152505541672,0.0723721503495143,
24.7999999942258,33.29006216026916,-0.1167123883591884,0.0252510777596157,0.0895465649584998,
24.89999999420252,33.287788491636725,-0.0521660444158989,0.0252453485451501,0.1128303366180869,
24.999999994179237,33.285063383896485,-0.0301582079904081,0.0250869174590445,0.1182139099347242,
25.09999999415595,33.27081001579307,-0.1088559197840071,0.024928486372939,0.1103018459108795,
25.199999994132668,33.26794387026183,-0.0683054116869139,0.0247535129989565,0.1020186068568002,
25.299999994109385,33.259062820843475,-0.0718796481247763,0.024571685413128,0.0887993352290159,
25.3999999940861,33.253359296100754,-0.0524787863080938,0.0244155463759911,0.0780949362626339,
25.49999999406282,33.24757519962624,-0.0643141054150129,0.024351722115048,0.0739790117145084,
25.599999994039536,33.249058967061536,-0.0144346638780949,0.0242878978541049,0.0728221215557581,
25.69999999401625,33.249576410219525,0.0145640533839669,0.024575290618905,0.0762342510251963,
25.79999999399297,33.238675487058075,-0.0716456831400265,0.0249903878854916,0.0805013665440425,
25.899999993969686,33.23482512581148,-0.0643189142605404,0.0253822369729661,0.0821026944934518,
25.999999993946403,33.23428043731306,-0.0134688569146306,0.0256950895437888,0.0827673554983507,
26.09999999392312,33.21841490454986,-0.1117254135599741,0.0260079421146116,0.0870083325749981,
26.19999999389984,33.209156069602955,-0.104947305406171,0.0259587483142906,0.0901673599704431,
26.299999993876558,33.21369650138297,0.0014437653369678,0.0257521830255287,0.0668700835013026,
26.39999999385327,33.21609892973192,0.0282376923067223,0.0254606310982045,0.0541321551546186,
26.499999993829988,33.20691389174833,-0.0610026961569565,0.0248504617750449,0.052028035638415,
26.599999993806705,33.20079564598466,-0.0801344165607443,0.0242402924518853,0.050588911456551,
26.699999993783425,33.20202523814107,0.0010378895215718,0.0242436501282585,0.0387486106406027,
26.79999999376014,33.189968940318494,-0.076499598812056,0.0245069739301212,0.0166852503658384,
26.899999993736856,33.191220437590395,-0.0354614806955973,0.0248138406205639,0.0173170665684338,
26.999999993713573,33.19008845071231,-0.0120563697124573,0.02526654522682,0.0242561418949406,
27.09999999369029,33.181356381255895,-0.0507363828112477,0.0257192498330761,-0.008370255955379,
27.199999993667006,33.17977186340212,-0.0343447971810804,0.0261432084185523,-0.0129326092040779,
27.299999993643723,33.1828424841195,0.0058640371518742,0.0265553193078883,-0.0294725844085693,
27.39999999362044,33.184993520403054,0.0405027834503872,0.0270744056385983,-0.0652915378103154,
27.49999999359716,33.17880783269677,-0.031270036135346,0.0279455449833594,-0.0685660153484827,
27.599999993573874,33.182797854919684,0.0226162344986198,0.0288166843281204,-0.0610296399510097,
27.69999999355059,33.17992221794968,0.0049404209668813,0.0285126323222777,-0.057047626499224,
27.799999993527308,33.17315392955811,-0.041062767079097,0.0277405212019259,-0.0768574137709493,
27.899999993504025,33.165224144960774,-0.0788029966095452,0.0268700137923812,-0.0761292076269263,
27.999999993480746,33.17279115363277,0.0081458375225525,0.0256243717776409,-0.0809190333346932,
28.09999999345746,33.173155935791335,0.0218228427523399,0.0243787297629005,-0.0842932394091182,
28.199999993434176,33.16893884242763,-0.0243330601315249,0.0233871878180539,-0.0852266223426386,
28.299999993410893,33.162787447478486,-0.0648593229087606,0.0225129358133238,-0.0903797753035546,
28.39999999338761,33.154121200244845,-0.0679105059004621,0.0218473114196979,-0.0994863348721788,
28.499999993364327,33.149609920655365,-0.0560322917690526,0.0219208638682558,-0.1068034529549474,
28.599999993341044,33.14423147072395,-0.0678914064911859,0.0219944163168137,-0.0676448137790457,
28.69999999331776,33.15368054475628,0.0449184502114524,0.0222392446894049,-0.0547602483957637,
28.79999999329448,33.155243501037816,0.0488836181852183,0.0225473146860994,-0.0506248929447051,
28.899999993271194,33.15497625817856,0.010137898627872,0.0228605495067974,-0.0472475599757704,
28.99999999324791,33.15736053878692,0.0073844106657763,0.0231924771980273,-0.0445407792384456,
29.09999999322463,33.164268957860095,0.0617289725992061,0.0235244048892572,-0.0436165978815172,
29.199999993201345,33.16972809240659,0.068713331113871,0.0236318224412372,-0.0434490502047091,
29.299999993178066,33.181426938134194,0.0932669780375182,0.0236604990446867,-0.0456031842024017,
29.39999999315478,33.201295454662414,0.1522685182735472,0.0236791982242386,-0.0335322039946188,
29.499999993131496,33.2078155438877,0.1182665527491139,0.0236585358449798,-0.0335436644787078,
29.599999993108213,33.205275552090534,0.0135905203250211,0.023637873465721,-0.0224391500729392,
29.69999999308493,33.207654359820104,0.0139618343170934,0.0234699548448865,-0.0174066930184815,
29.799999993061647,33.214008440087376,0.0676633782099983,0.023242133750291,0.0043430365227747,
29.899999993038364,33.21562202303505,0.0321589933818926,0.0229894895702826,0.0111780785181893,
29.99999999301508,33.214077232820834,-0.0090191036648412,0.0226428516100066,0.020110811701504,
30.0999999929918,33.2204724425577,0.0239199699979906,0.0222962136497306,0.0208220722283929,
30.199999992968515,33.22843743210346,0.0710309351541405,0.0222579811411291,0.013922043835961,
30.29999999294523,33.2303959339396,0.0283274984219233,0.022360453694482,0.0079710342142636,
30.39999999292195,33.24219906883272,0.0807145631784036,0.0224056063459311,0.0226423883035166,
30.499999992898665,33.24734430216041,0.0625652532633518,0.0222622685340527,0.0402172045028255,
30.599999992875382,33.24300382937195,0.0101506865581596,0.0221189307221743,0.0431101236119314,
30.6999999928521,33.24521012726941,0.0021830719281177,0.0218003506952123,0.0423251731926908,
30.799999992828816,33.24880127613214,0.0285515551007822,0.0214101843791479,0.0368550503237941,
30.899999992805533,33.24966662707249,0.0375416816079167,0.0211345867465556,0.0333025979687561,
30.99999999278225,33.24320479185379,-0.0330843476802967,0.0212855050529114,0.0354444137906466,
31.099999992758967,33.253673027616834,0.0459255801910865,0.0214364233592672,0.0368220844255719,
31.199999992735684,33.263086464933714,0.0822103330887784,0.022006833222307,0.0273403129195717,
31.2999999927124,33.25883666008832,0.000985228422252,0.022750832032826,0.0321252694838665,
31.39999999268912,33.257347208132224,-0.0113591347679748,0.0233984746051051,0.0247119920041316,
31.499999992665835,33.2580917374463,0.0065526605113876,0.023680764681287,0.0162102222622745,
31.59999999264255,33.25379843927657,-0.0082760501551181,0.0239630547574689,-0.0209417713101587,
31.69999999261927,33.25424000437134,0.0114233943110718,0.0242596383924927,-0.0402639866883687,
31.799999992595986,33.26559125229025,0.0515155851056848,0.0245626728144267,-0.0456551651785994,
31.899999992572702,33.27547460685485,0.0906276185457459,0.024917573548213,-0.055007481825176,
31.99999999254942,33.278081964888415,0.0575548782731657,0.0254808445070386,-0.0770942128134567,
32.099999992526136,33.281630233607856,0.0151022539390447,0.0260441154658643,-0.1917151340849479,
32.19999999250285,33.29715938121473,0.0957228586164395,0.0257863472729454,-0.1876352349571941,
32.29999999247957,33.29916398774007,0.0715395636658716,0.0252487737874752,-0.205202281734562,
32.39999999245629,33.29959226418867,0.0267779529368813,0.0247730063625523,-0.2117809276188485,
32.499999992433004,33.30170795626278,0.01145396526514,0.0245307621255809,-0.2052304600573051,
32.59999999240972,33.3070385537554,0.0453297727219013,0.0242885178886095,-0.1973773751949247,
32.69999999238644,33.29725348929463,-0.0304542867494619,0.0242434330058935,-0.1835843558143284,
32.799999992363155,33.2926687848374,-0.0367269132278284,0.0242773263002623,-0.1708639741613115,
32.89999999233987,33.29673703011907,0.0138489733469027,0.024376447035553,-0.1713286488301978,
32.99999999231659,33.299234717380706,0.0341904185040212,0.0247117647783648,-0.1521776328557722,
33.099999992293306,33.2982515380971,-0.0049696553388286,0.0250470825211767,-0.1416911804064116,
33.19999999227002,33.29792706518278,-0.0208149052744997,0.0251176162503061,-0.1422914474988557,
33.29999999224674,33.30683267562776,0.0716558304518171,0.0250813028439436,-0.1452673056943239,
33.39999999222346,33.306686642221905,0.0398656884894051,0.0251731055790075,-0.1477069199032711,
33.49999999220017,33.31018733390289,0.0345709444087029,0.0257473759305305,-0.1455384382397553,
33.59999999217689,33.32333667532397,0.0777237293341399,0.0263216462820535,-0.143952573417253,
33.69999999215361,33.33034589661534,0.0853105392963531,0.0264678875406428,-0.1341841171217602,
33.799999992130324,33.33240439424672,0.038114959326746,0.0264349697129389,-0.1201393979956263,
33.89999999210704,33.34382904053725,0.0836616622016123,0.0263651186194855,-0.116196449443688,
33.99999999208376,33.36332721906586,0.1539295784580452,0.0261774693245194,-0.1174059536673333,
34.099999992060475,33.3730242615649,0.1197488884593594,0.0259898200295533,-0.123966540303824,
34.19999999203719,33.37822134815651,0.0804587771770607,0.0261957197367909,-0.129688189689537,
34.29999999201391,33.378267245981625,0.0159484864143117,0.026562092029009,-0.1114783865307132,
34.399999991990626,33.380978218468506,0.0389786009035188,0.0269466142867598,-0.0986285190083169,
34.49999999196734,33.38008855963786,0.0049150983077745,0.027394756304132,-0.0899973244455402,
34.59999999194406,33.37750175123728,-0.0353549094739918,0.0278428983215043,-0.0856129792262479,
34.69999999192078,33.38301039385041,0.0229152886674661,0.0275863973519964,-0.0852360155576327,
34.799999991897494,33.387996395217414,0.0488014853848278,0.0270332190779763,-0.0898017572956843,
34.89999999187421,33.3969233558932,0.0941288722891542,0.0265853508602179,-0.1004073089959107,
34.99999999185093,33.41061765961527,0.1193590607454714,0.0265320186688336,-0.1012368422291411,
35.099999991827644,33.42308193821162,0.1134754774389511,0.0264786864774493,-0.0654346517322976,
35.19999999180436,33.42736941446592,0.0766349983199445,0.0267621877461749,-0.0542654054278633,
35.29999999178108,33.4260605056041,0.0053066870760033,0.0271925271511974,-0.0404336710641088,
35.399999991757795,33.43722954965924,0.0718535512138831,0.027592054409848,-0.0378016645689677,
35.49999999173451,33.43922458643654,0.0512631256743965,0.0278737913253268,-0.026000429901257,
35.59999999171123,33.44134816079737,0.0247711682859234,0.0281555282408056,-0.0343884748156995,
35.699999991687946,33.44828130021475,0.049824647063566,0.0282117549090478,-0.0348742499176356,
35.79999999166466,33.45893478619164,0.092298250150335,0.0281752716204623,-0.0384662123801373,
35.89999999164138,33.469227571209345,0.1079821448844963,0.0282323003623267,-0.0403276701258625,
35.9999999916181,33.4780238426986,0.0860700180582287,0.0286413492110679,-0.049623377103359,
36.099999991594814,33.476580533608285,0.0137188190524726,0.0290503980598091,-0.0458424478983961,
36.19999999157153,33.47846598571962,0.0062153758438225,0.0293024894803906,-0.0413472990807266,
36.29999999154825,33.48252032626088,0.0270483698992725,0.0294912395265669,-0.0398776425491842,
36.399999991524965,33.483069133819725,0.0049498933827989,0.0297060487252625,-0.0516416077218312,
36.49999999150168,33.488214116287054,0.043447335662595,0.0300202348364968,-0.0487254663359702,
36.5999999914784,33.48867640767788,0.0273644692602825,0.0303344209477311,-0.0544529520256382,
36.69999999145512,33.47980822081785,-0.0446282407959279,0.0300997227939704,-0.0599895356474443,
36.79999999143183,33.48304447945147,-0.0045241200199524,0.029636102288569,-0.058238396383258,
36.89999999140855,33.48197473327327,0.0002315451987303,0.0291329245445892,-0.0615689289882342,
36.99999999138527,33.490397609601274,0.0578348543172519,0.028498441527328,-0.0774795590882254,
37.09999999136198,33.4939165194158,0.0356070191244816,0.0278639585100668,-0.0811954169732538,
37.1999999913387,33.4961920790344,0.0151826070499049,0.0276758443797415,-0.080443207354236,
37.29999999131542,33.5001565396351,0.0303626294544608,0.0276623356908446,-0.0969706154927199,
37.39999999129213,33.50024393867059,0.0088772249585977,0.0276967997321045,-0.1478093262840861,
37.49999999126885,33.49772171404334,-0.0183788498204326,0.0278898895785548,-0.145331245813621,
37.59999999124557,33.49560481578478,-0.0204133995247534,0.0280829794250052,-0.1444754330375523,
37.699999991222285,33.4942791131472,-0.0045621330151753,0.0282282350022215,-0.139843845901906,
37.799999991199,33.495703228206565,0.0062724773102164,0.0283526238541101,-0.1461879563619017,
37.89999999117572,33.49170056703472,-0.0328161471910518,0.028479673717645,-0.1321062841352015,
37.99999999115244,33.493964991147564,-0.0031568901289478,0.0286167523103487,-0.1309316954915293,
38.09999999112915,33.495849150752804,0.0220160856077142,0.0287538309030523,-0.1303260832801918,
38.19999999110587,33.490222983480315,-0.026522784408564,0.0289127463950935,-0.127567156019331,
38.299999991082586,33.48682137506774,-0.0423872781510925,0.0290803750639054,-0.1138808236299682,
38.3999999910593,33.47951025347628,-0.0528485421285215,0.0291290685675503,-0.1116751308804282,
38.49999999103602,33.474634102838,-0.0489575307807258,0.0287359029749905,-0.1132416405541161,
38.59999999101274,33.47361022408829,-0.0169116975452123,0.0283427373824307,-0.0903380648382134,
38.699999990989454,33.47791560069304,0.043402751922469,0.027611433854579,-0.0791608871974118,
38.79999999096617,33.4758445953671,0.0161990055020679,0.0267571934523695,-0.0811367088437772,
38.89999999094289,33.485981288675966,0.0803978293761267,0.0261257216886799,-0.065164478031877,
38.999999990919605,33.48802963534651,0.0407651701105137,0.0263149337501318,-0.0706808113621386,
39.09999999089632,33.48187454498042,-0.0280386527890448,0.0265041458115836,-0.0688395495714964,
39.19999999087304,33.47597922399652,-0.0506592868157904,0.0273552042656661,-0.020069582399587,
39.29999999084976,33.46775012072946,-0.0758694199349101,0.0284755635137933,0.0153482452685537,
39.39999999082647,33.45887876170747,-0.0700429036472007,0.0295631347346429,0.0243180348493347,
39.49999999080319,33.4547918043882,-0.0593822684184997,0.0305231739595165,0.0422160950440343,
39.59999999077991,33.44323700862747,-0.0947651961008027,0.0314832131843901,0.0561384853926451,
39.69999999075662,33.4395487169545,-0.0646342630861373,0.0316429185810005,0.0592590689431112,
39.79999999073334,33.4356663663786,-0.041292739812939,0.0314752103909938,0.0580513516203279,
39.89999999071006,33.43147537242757,-0.0422397496860238,0.0311945257822164,0.0411843488571513,
39.99999999068677,33.43353989125438,-0.0212768769578707,0.0304766973359859,0.0440938633790952,
40.09999999066349,33.43722092468746,0.0035151479560168,0.0297588688897554,0.0487901553214106,
40.19999999064021,33.43565818627934,0.0030730036614094,0.0287457652530301,0.046701925133618,
40.299999990616925,33.432750833362135,-0.0126646870670777,0.0275990341352673,0.0417551573998524,
40.39999999059364,33.43795653037285,0.0263495125104976,0.0265587173257273,0.0328904705975644,
40.49999999057036,33.44010617624132,0.0313222428552176,0.0258567132177586,0.0239267482115841,
40.59999999054708,33.43446321518892,-0.0341260577739728,0.0251547091097899,0.0317893398337193,
40.69999999052379,33.42988368757348,-0.0473969105178949,0.0253624369432587,0.0758739787647739,
40.79999999050051,33.422768251657054,-0.0821911833520631,0.0259364418581922,0.0900802352524242,
40.89999999047723,33.42303435084681,-0.0335291767051056,0.0264933893602218,0.0934442342670923,
40.99999999045394,33.41752765311078,-0.0553870867818384,0.0269864944773719,0.0956823788058572,
41.09999999043066,33.41673418575843,-0.0337488693895191,0.0274795995945219,0.0854793440565816,
41.19999999040738,33.42148834026285,0.0110366303007575,0.0274212333231884,0.0838279599265003,
41.299999990384094,33.413216223071124,-0.0437613316728591,0.0271368135838301,0.0767216935734517,
41.39999999036081,33.40139699923565,-0.1052168720289337,0.0268618035617682,0.0591502644498782,
41.49999999033753,33.39342812450766,-0.0960345116734361,0.0266205490247336,0.0551534913857776,
41.599999990314245,33.39157041841458,-0.0433032527603712,0.026379294487699,0.0515542594899626,
41.69999999029096,33.3883109812867,-0.0320700339588653,0.0256043861155409,0.0477215879463193,
41.79999999026768,33.38125959533154,-0.0664243299810466,0.0246150665457349,0.0350451860210526,
41.8999999902444,33.37829276008193,-0.0513771151368465,0.0238482928178651,0.0342047071913204,
41.99999999022111,33.37281992775065,-0.0436615808515732,0.0238829667506885,0.0035026208884845,
42.09999999019783,33.36979776632104,-0.041705813766138,0.0239176406835119,-0.0018001631850556,
42.19999999017455,33.35732603165538,-0.1079112154419182,0.0242230220725353,0.0017909635776885,
42.299999990151264,33.348276519372426,-0.0951281387545712,0.0246494964646696,0.0063627042617301,
42.39999999012798,33.33942849393682,-0.0792237323349589,0.0250560774257985,0.0097021086877972,
42.4999999901047,33.32940111740073,-0.1000896297321897,0.0253901060705418,0.0109923367550283,
42.599999990081415,33.33026109591132,-0.039839883323682,0.0257241347152851,-0.0005364455566111,
42.69999999005813,33.321476553017405,-0.0618742223089627,0.025943614118398,0.0027800070401622,
42.79999999003485,33.30359993052623,-0.1388233288958776,0.0261182838779564,0.0109683938687209,
42.899999990011565,33.28289198003946,-0.1958221593375839,0.0262068006928193,0.022050380648928,
42.99999998998828,33.271030934665994,-0.141275754796216,0.0259799096035496,0.0082430978265431,
43.099999989965,33.25558283882124,-0.1474154911132068,0.0257530185142799,-0.009994629838624,
43.19999998994172,33.249060001774765,-0.110149351386028,0.0258024462075166,-0.0334878455335065,
43.29999998991843,33.23501923377644,-0.135443971110307,0.0259643960692679,-0.0372546960689313,
43.39999998989515,33.2169581490759,-0.15916081169692,0.0260401711362259,-0.0431218910026792,
43.49999998987187,33.191560197047444,-0.2239110105563158,0.0258342461591666,-0.0511822190480049,
43.59999998984858,33.17806193741273,-0.1802617118638308,0.0256283211821073,-0.0437826477734092,
43.6999999898253,33.172435142882634,-0.1021162384297307,0.0253118299773807,-0.0468751750544533,
43.79999998980202,33.16365823677625,-0.0825515025987517,0.0249520668819247,-0.0529026014880972,
43.899999989778735,33.15315597968121,-0.0933310375467907,0.0246502397754426,-0.0566045975522324,
43.99999998975545,33.140739564985715,-0.1338961215679455,0.0245353187484847,-0.053830483351554,
44.09999998973217,33.11845399648548,-0.1807313759856549,0.0244203977215268,-0.0472709972044906,
44.199999989708886,33.0965720219751,-0.2063885541367771,0.0242015612237368,-0.0337856891073048,
44.2999999896856,33.07801397592609,-0.2028823905057913,0.0239396736402417,-0.0275993582201395,
44.39999998966232,33.07263227711049,-0.100408453930756,0.0237286018778459,-0.0132319706311238,
44.49999998963904,33.06178384725708,-0.1045107113758453,0.0237022609138477,-0.00966478021072,
44.59999998961575,33.04763255732804,-0.127222507795286,0.0236759199498496,-0.0113057829939183,
44.69999998959247,33.027703678434655,-0.1893717156851365,0.0234241859811753,0.0012648240619236,
44.79999998956919,33.016477318047066,-0.1250300299653049,0.0230804013464538,0.0101037565284647,
44.899999989545904,32.997326397487306,-0.1507860006559696,0.0229324526067397,0.0159741146733347,
44.99999998952262,32.98182303075715,-0.1683384148315189,0.0235007568543804,0.0139803533011716,
45.09999998949934,32.97344483084094,-0.1093429160877057,0.0240690611020211,0.0339641287732705,
45.199999989476055,32.96675300403475,-0.082673904569222,0.024477439812127,0.0476408442097283,
45.29999998945277,32.94498176786502,-0.1720714941042623,0.0248209943389561,0.0602065658965903,
45.39999998942949,32.941576833046604,-0.0722496424119811,0.0251141703934983,0.0697740107020191,
45.499999989406206,32.93995144041234,-0.0273252723135333,0.0252231861138446,0.0674496727284299,
45.59999998938292,32.933898652535184,-0.0677874243224701,0.025332201834191,0.0643862926066571,
45.69999998935964,32.93670442567929,-0.0049464106202028,0.0253689217729983,0.0768393442906144,
45.79999998933636,32.94086060663013,0.0320297395554437,0.025376350166662,0.078134910117989,
45.89999998931307,32.934664277927084,-0.0380437749121439,0.0253871585723811,0.0805322588775583,
45.99999998928979,32.93916985382268,-0.0019929578080202,0.0254102913463765,0.084077654172579,
46.09999998926651,32.950176354434525,0.0780378153700896,0.025433424120372,0.0879043479914771,
46.19999998924322,32.95888323947262,0.0821068195081467,0.0255977686726508,0.0865491645031457,
46.29999998921994,32.967226285558695,0.0687402907975316,0.0258172702502028,0.0883569835063678,
46.39999998919666,32.97134926335024,0.0555725647871217,0.0258701756490935,0.0866176434134602,
46.499999989173375,32.97965098909998,0.0733521830185324,0.0253015592850537,0.0824801902567409,
46.59999998915009,32.986751183064904,0.0749847865792693,0.024732942921014,0.07705987433941,
46.69999998912681,33.006330356947764,0.15481327504224,0.0236594851752045,0.0699151443916529,
46.799999989103526,33.01497276153237,0.118590912319708,0.0223910247306874,0.0626223622027641,
46.89999998908024,33.02384134377264,0.0863104915848067,0.0213718184607664,0.0549731110201743,
46.99999998905696,33.02872994051113,0.0601481391007554,0.0211917849387104,0.0507994453095756,
47.09999998903368,33.04053432871122,0.1021285058671772,0.0210117514166543,0.0494260322770945,
47.1999999890104,33.039654138889865,0.0215340135851296,0.021249584191714,0.0506169315675169,
47.29999998898711,33.03537488574366,-0.0331408528267294,0.0216486208919124,0.0545919972247399,
47.39999998896383,33.040393907239384,0.0260058296586632,0.0220583023736864,0.0697126732609972,
47.499999988940544,33.03323646853137,-0.0276356255488884,0.0225062955667469,0.0840622088910429,
47.59999998891726,33.030139089199444,-0.0431770946719558,0.0229542887598074,0.0867754225812547,
47.69999998889398,33.0326525838259,-0.0017235647333017,0.0229124834470794,0.0843339347027915,
47.799999988870695,33.03371838218245,0.0209502751353237,0.0226751112899279,0.0792963458585256,
47.89999998884741,33.03964487204034,0.0425197404228964,0.0225707084343995,0.077193922913865,
47.99999998882413,33.04610329818863,0.0508659725586774,0.0229447397103749,0.081362405102534,
48.099999988800846,33.057199766755694,0.0913903920390553,0.0233187709863504,0.0885134573360864,
48.19999998877756,33.060460103138425,0.0473147488512884,0.0241005642365455,0.0945691677373342,
48.29999998875428,33.06806398819573,0.0482804478949969,0.0250430165895283,0.0900077394793606,
48.399999988731,33.07827792779618,0.0927406555671452,0.0260475141435533,0.0859791929621992,
48.499999988707714,33.08225641656714,0.0650035107699707,0.0272848880105502,0.0675471958221534,
48.59999998868443,33.090793764421235,0.0718887574621161,0.0285222618775471,-0.0354465483467436,
48.69999998866115,33.10760954895246,0.1312774900796544,0.0286539864073793,-0.0520937599554758,
48.799999988637865,33.13065133370449,0.2203579108717918,0.0283779407438918,-0.0569202582365453,
48.89999998861458,33.15016965991701,0.2156775472171966,0.0282121057131252,-0.0722925649815577,
48.9999999885913,33.167719769398886,0.1695134732404564,0.0284473235288263,-0.0565118357106461,
49.099999988568015,33.188659587259515,0.1923921724057262,0.0286825413445274,-0.0509983300688988,
49.19999998854473,33.196926459204654,0.1398920714825376,0.0284422743254131,-0.0511167600099586,
49.29999998852145,33.20805186919366,0.1177265416913757,0.0280176334292177,-0.0560294538114115,
49.399999988498166,33.23538078912863,0.2102744828919927,0.0275715731282611,-0.0639401834051666,
49.49999998847488,33.26061820424669,0.249376105193504,0.027045212743913,-0.0590655432432277,
49.5999999884516,33.27993608371733,0.2077706833747477,0.0265188523595648,-0.064526676697446,
49.69999998842832,33.29656388942401,0.1650125897927433,0.0257691786509058,-0.0693636601951736,
49.79999998840504,33.32102055568888,0.2337661854695759,0.0249326564063859,-0.0741969136794087,
49.89999998838175,33.342836339472186,0.2286611738309513,0.0241581996571297,-0.0799424775767694,
49.99999998835847,33.366504214938416,0.2183488248592064,0.0236214918451173,-0.0760828156186345,
50.09999998833519,33.37904581592067,0.1610400659239165,0.0230847840331048,-0.0693899078040087,
50.1999999883119,33.387967928308925,0.1242592647068693,0.0226029634146523,-0.0709282491395016,
50.29999998828862,33.39580870703962,0.1022880841151735,0.0221445774276753,-0.07522125607555,
50.399999988265336,33.411585249670686,0.1163165334403963,0.0217180839118747,-0.0667221246399395,
50.49999998824205,33.43844099715011,0.2044130901204819,0.0213966980588399,-0.054999927483996,
50.59999998821877,33.45386656865117,0.1885610665924099,0.021075312205805,-0.052063217547955,
50.699999988195486,33.464391232361606,0.1224831834361453,0.0207556611253913,-0.037756592019366,
50.7999999881722,33.47951561804477,0.1330870542321942,0.0204367051796926,-0.037401903122652,
50.89999998814892,33.503766980477394,0.2105820234604837,0.0202796214645238,-0.0450169598381645,
50.99999998812564,33.519954998264666,0.1809843518253048,0.0207145339919282,-0.0289369716475362,
51.099999988102354,33.53085452873757,0.1169094214207923,0.0211494465193327,-0.0141141752870041,
51.19999998807907,33.54566039020621,0.1315345194774465,0.0218981483866679,0.0572734611372577,
51.29999998805579,33.559671057926266,0.1628159646199888,0.0228046408472962,0.0814936263697945,
51.399999988032505,33.57589637550818,0.165213270639881,0.023411469106372,0.091897368198909,
51.49999998800922,33.59484771352101,0.179429189416168,0.0229363729236605,0.0916384882187133,
51.59999998798594,33.62240820253739,0.2375573915122691,0.0224612767409489,0.0805860334447109,
51.699999987962656,33.63846293587103,0.2108408967955488,0.0219968893143052,0.0684913660023472,
51.79999998793937,33.64243026182615,0.0982319006924609,0.0215363795818273,0.0610683680036494,
51.89999998791609,33.65530977756811,0.1069691725834495,0.021186217979985,0.0567869415908117,
51.99999998789281,33.67076612575899,0.1398383378086813,0.0212497288660507,0.0654798657636198,
52.09999998786952,33.67569502028368,0.097688982729269,0.0213132397521163,0.06525370045552,
52.19999998784624,33.680271683260955,0.0559881914725125,0.021790323207364,0.0689181157605144,
52.29999998782296,33.68317739395963,0.0096655976926796,0.0224458523672747,0.0781750035752082,
52.39999998779968,33.67916428503145,-0.0108960882628578,0.0231765944665756,0.0853019503417749,
52.49999998777639,33.66942032488648,-0.0552671090438506,0.0241890946258499,0.0903334546829641,
52.59999998775311,33.65707921942405,-0.1152720358309008,0.0252015947851242,0.0981701717114461,
52.69999998772983,33.65249489978225,-0.07533875228777,0.0255334551035866,0.0959679822571242,
52.79999998770654,33.65491902155564,-0.0094827374707607,0.0255946136058559,0.0812428395377783,
52.89999998768326,33.65247009028897,-0.0167713139566873,0.0254924196397048,0.0606747309165486,
52.999999987659976,33.64535304381621,-0.0679350324565268,0.0247752106702726,0.0484208948097516,
53.09999998763669,33.652068448829034,0.0201126103526939,0.0240580017008403,0.0229663743523237,
53.19999998761341,33.65451733232006,0.0484446530130609,0.0232605676981502,-0.0146336645877454,
53.29999998759013,33.65304914491864,0.008203253827189,0.0224299241547287,-0.0213948530102485,
53.39999998756685,33.65284056136967,-0.0222164689226445,0.0217141677347195,-0.0281741658431315,
53.49999998754356,33.653016340779786,-0.0012941867043471,0.0214373512774781,-0.028220915280742,
53.59999998752028,33.65402041477074,0.021193189059989,0.0211605348202368,-0.0198971832451403,
53.699999987496994,33.64132185863954,-0.0636356297246118,0.0203490456814803,-0.0190674882295809,
53.79999998747371,33.6318269178701,-0.1071685380149552,0.0193249385465453,-0.0586617187424759,
53.89999998745043,33.64098085412634,0.0220134145331827,0.0184146355220957,-0.0622876204901043,
53.999999987427145,33.63746486972907,0.0018777219967685,0.0179278864208656,-0.0710066936099879,
54.09999998740386,33.625538630405984,-0.1000933865372216,0.0174411373196356,-0.074821535256651,
54.19999998738058,33.6242655312735,-0.0696998017405985,0.0172992957137027,-0.0893544109727125,
54.299999987357296,33.62265775268629,-0.0151413723647303,0.0173016058178526,-0.0892912431659491,
54.39999998733401,33.614933626061,-0.0331583754102679,0.0173435544276507,-0.0924720669354952,
54.49999998731073,33.60623207294344,-0.086778488384868,0.017525203419821,-0.0909509033745487,
54.59999998728745,33.60418593438544,-0.0604529372931079,0.0177068524119914,-0.121974523419599,
54.69999998726416,33.59822878780918,-0.0495193929137951,0.0185339730354153,-0.1154830378428846,
54.79999998724088,33.575602151761714,-0.162883298539413,0.0196464700166454,-0.1052396158645419,
54.8999999872176,33.565610188958594,-0.1261339022418119,0.0209023389346948,-0.1082185711084727,
54.99999998719432,33.560410349148604,-0.0852926335701882,0.0226639392634926,-0.0994580659606309,
55.09999998717103,33.55761768503982,-0.0364496690236159,0.0244255395922903,-0.0998857472265176,
55.19999998714775,33.55093792696017,-0.0643192616447488,0.0261586354788099,-0.0910213539631444,
55.29999998712447,33.540711889117375,-0.1009199894702021,0.0278804365525106,-0.0618206397314405,
55.39999998710118,33.541988786047405,-0.0224371390292957,0.0293817648204026,-0.0537472133666199,
55.4999999870779,33.53119580497608,-0.053258603341117,0.0300553233665278,-0.0368244527939388,
55.599999987054616,33.51966219416054,-0.1071175421785176,0.030728881912653,-0.0323339661297231,
55.69999998703133,33.51736550909253,-0.0688402666541284,0.0309328496491425,-0.0379404717508592,
55.79999998700805,33.50434625898033,-0.0892617781575987,0.030950575957298,-0.0245773368157343,
55.89999998698477,33.48970307075438,-0.1168533313165887,0.0309911012532976,-0.0097525098534465,
55.99999998696149,33.477307384686746,-0.1367575901974811,0.0311132072571466,-0.0015972856522754,
56.0999999869382,33.464802021422415,-0.1386234246184107,0.0312353132609956,0.0058540631076417,
56.19999998691492,33.45522349106828,-0.0900537449738356,0.0310010382893726,0.0093761024290245,
56.29999998689164,33.436429458271924,-0.1317569791860332,0.0306251591784422,0.0102282330638271,
56.39999998686835,33.42585434727846,-0.1296584700224957,0.0301225300925923,0.0236202549999859,
56.49999998684507,33.42384740268939,-0.0531934319129213,0.0291365394773709,0.0278839359010295,
56.599999986821786,33.40996636217644,-0.0934269959888178,0.0281505488621496,0.0328620568597554,
56.6999999867985,33.40576802187515,-0.0631467017733529,0.0263360817933831,0.0422853131371918,
56.79999998677522,33.40690890930652,-0.0250934145366675,0.024190272992169,0.024682805712905,
56.899999986751936,33.420892183644185,0.0858487800811059,0.0224598338736453,0.0815553604691714,
56.99999998672865,33.41038048409294,-0.0293004167272938,0.0220361797376371,0.1127904227435842,
57.09999998670537,33.40035195288559,-0.0968045065686566,0.0216125256016289,0.1190571528183325,
57.19999998668209,33.38883806101027,-0.1094605077140273,0.0215750042448609,0.1241423103858839,
57.2999999866588,33.370804490006925,-0.1297189557578783,0.0217005127083384,0.1207177506127076,
57.39999998663552,33.34743778591847,-0.2043435106584865,0.0218294959539677,0.1232387205442315,
57.49999998661224,33.33769494720479,-0.1488896636033704,0.0219716135557482,0.1263612284413666,
57.59999998658896,33.33581696052835,-0.0575245578982409,0.0221137311575287,0.1253561629164566,
57.69999998656567,33.3315284309719,-0.0459544952334627,0.0225163845932265,0.1283626207566917,
57.79999998654239,33.32410201278296,-0.0725297103587925,0.0230261009720669,0.1319691728520921,
57.89999998651911,33.31181831436637,-0.1043953900229946,0.0234856766883374,0.1333941420207017,
57.99999998649582,33.307545795296306,-0.0619248073575316,0.0237586173579401,0.1328349156478165,
58.09999998647254,33.2897627644827,-0.1275855823178515,0.0240315580275428,0.1341341133174634,
58.19999998644926,33.28110995611986,-0.1083611533637196,0.0241290160952223,0.1369199157228597,
58.29999998642597,33.279707841951065,-0.0526445237008581,0.0241649848376568,0.1396033472547767,
58.39999998640269,33.27369955362637,-0.0486022536989008,0.0241278995066555,0.1208737700390618,
58.49999998637941,33.26625105318272,-0.0735447841334041,0.0238254875323797,0.1103344421651836,
58.59999998635613,33.26157242040071,-0.0641464293768671,0.0235230755581038,0.0746603832195069,
58.69999998633284,33.26589649524273,0.0233834343653507,0.0236376671288942,0.0609831715116027,
58.79999998630956,33.262171994848366,-0.0044067782601859,0.0238986910041734,0.0486297765914425,
58.89999998628628,33.261472713909946,-0.0149050592366395,0.0242649414709615,0.0413474000815661,
58.99999998626299,33.26086706688648,-0.0144139007189543,0.0250243924762372,-0.0018301873786588,
59.09999998623971,33.25953624217215,0.0151335704401614,0.0257838434815129,-0.0135149610126793,
59.199999986216426,33.251181678139865,-0.0681449974975725,0.0265286897963257,-0.0065549883078034,
59.29999998619314,33.26122103655065,0.0326474484899194,0.0272678182383067,-0.020899520863784,
59.39999998616986,33.26193470235643,0.0347122066134348,0.0278316763210132,-0.0800035274036993,
59.49999998614658,33.26827906454269,0.0518848659353887,0.0277342618755779,-0.1060189827032522,
59.599999986123294,33.27630454880775,0.0574331695124529,0.0276368474301426,-0.1119429222515368,
59.69999998610001,33.29177109358971,0.1143853858504478,0.0274467757371377,-0.1230698591971291,
59.79999998607673,33.301720705962175,0.1237195360225143,0.0272191989188944,-0.113489390328683,
59.89999998605344,33.302321058028454,0.0489624693815511,0.0269916221006512,-0.0922511986363494,
