t,vEgo,aEgo,roll,targetLateralAcceleration,steerCommand
0.0,14.911266326904297,0.2212234735488891,0.0304102079015915,-0.0696880320990072,0.4063365394064294
0.1000000000003638,14.920314343400392,0.1787136274332754,0.0308302751076417,-0.0685854303243624,0.40832056838327235
0.2000000000007276,14.9179566637524,0.0547138987894111,0.031250342313692,-0.0672480826958972,0.41018499504916783
0.3000000000010914,14.920820746295671,0.0139762767856216,0.0317230872374268,-0.0601612137349633,0.40853915366166893
0.4000000000014552,14.922940447359885,0.0086467422798122,0.0323712661693775,-0.0584123296182649,0.4116054295932412
0.500000000001819,14.92575701329632,0.0423755553607629,0.0330194451013282,-0.0565351308895657,0.4145803184962811
0.6000000000021828,14.921720813682157,-0.001123838077931,0.0338319770960881,-0.0541874255987873,0.4183345973472411
0.7000000000025466,14.953549594118329,0.1923408819060376,0.0347003389617533,-0.0392220957899217,0.41393014661625366
0.8000000000029104,14.954120238411388,0.0364135969861741,0.0354432645826874,-0.0380272580038534,0.41798097446990445
0.9000000000032742,14.961523500869342,0.0792654034843746,0.0357107464340355,-0.0378172988577376,0.41955934220677943
1.000000000003638,14.965928849713231,0.0651506302634606,0.0359782282853836,-0.0386363387740377,0.4218305080684449
1.1000000000040018,14.950252955587334,-0.0934279922911576,0.0362062231436637,-0.0395581835239251,0.42398143435492286
1.2000000000043656,14.946798743656023,-0.0713745624054567,0.0364214212306387,-0.0393689067769683,0.4252679213176267
1.3000000000047294,14.95075318085101,-0.0009015792217345,0.0366063837231113,-0.0342568056714762,0.42306465981361124
1.4000000000050932,14.93960230998524,-0.0381057509989693,0.0366749506641602,-0.0165602646955304,0.41177657447623683
1.500000000005457,14.940255894378572,-0.0184396391819864,0.0367435176052092,0.0208855296113862,0.3871534580100518
1.6000000000058208,14.935041504468323,-0.0675326571206585,0.036414172948533,0.0239149959596378,0.38295963177710907
1.7000000000061846,14.937486608135194,-0.0064736149674244,0.0359492288329776,0.0176402268889382,0.38410740704528684
1.8000000000065484,14.932990017182526,-0.0066338690693049,0.0355345529707824,0.0199644769943801,0.3798183038200609
1.900000000006912,14.915818439444733,-0.0900670328330584,0.0352869239463694,0.022437575850097,0.37656710418201894
2.000000000007276,14.905176048976465,-0.1238048892491138,0.0350392949219564,0.0292264987591447,0.37037437078067487
2.10000000000764,14.924925902987038,0.0656971684562384,0.0346106256479165,0.0312355302004597,0.36611150410267884
2.200000000008004,14.908638277813948,-0.0576894152443662,0.0341169607232016,0.02864000876701,0.36464094752592685
2.300000000008368,14.902806422191423,-0.0478887130542776,0.0337169998997049,0.0271476722289778,0.36301274747053836
2.400000000008731,14.895519033530949,-0.0906219474028499,0.0336645404707122,0.0253124506192506,0.3639298081697916
2.500000000009095,14.90918976079663,0.0338034779918225,0.0336120810417194,0.0285654511357722,0.361335170960116
2.6000000000094587,14.91333898586685,0.0510714635509224,0.0335386756435889,0.0412363883465747,0.35223111306170635
2.7000000000098225,14.909592449600977,0.0231817779771097,0.0334576449267269,0.0450995342514034,0.3490738340639388
2.8000000000101863,14.916119303369722,0.0520751980021522,0.0332987149985887,0.0534898410610478,0.3422782267010241
2.90000000001055,14.917653926528342,0.0105011721131102,0.0328444088175148,0.0563519284881219,0.3372816866344486
3.000000000010914,14.924859569045692,0.0545373550764784,0.032390102636441,0.0539242432286121,0.33587751284766876
3.1000000000112777,14.924155898450495,0.0430427140888393,0.0318586088611219,0.0521213757365285,0.3335506132429519
3.200000000011641,14.914290215927505,-0.0451103324628659,0.0312997292026377,0.0508161679320472,0.33072313810674075
3.3000000000120053,14.91607808395999,-0.0224182889753235,0.0308847302728575,0.0452406786610922,0.33174854205251253
3.400000000012369,14.926270958540195,0.0550252211939678,0.0309585477913615,0.0452765564067826,0.33219092717359716
3.500000000012733,14.92846530809653,0.0504435881318985,0.0310323653098654,0.0456692909315476,0.3324112426820022
3.6000000000130967,14.939106240301824,0.1164592135573696,0.0310182287132902,0.0457658814374134,0.33222115177005446
3.700000000013461,14.930959796353324,-0.0096910045031363,0.0309737748571469,0.0454517157414256,0.33216034942163897
3.800000000013824,14.937771245949095,0.0156298076281407,0.030874182643609,0.0449163537823979,0.3318399783674806
3.900000000014188,14.938196006021087,-0.0106683574530094,0.0305969123874062,0.0393430744548034,0.33379002955885606
4.000000000014552,14.921815270028622,-0.0921923023600809,0.0303196421312033,0.0294926448468285,0.3387061428510412
4.100000000014916,14.922759346487894,-0.0167665764250996,0.0301572692962918,0.0291432424768776,0.3378552073308998
4.20000000001528,14.9188087955705,-0.0744522009101465,0.030036299867505,0.0292016695849047,0.3370164792468749
4.300000000015643,14.924835687859517,0.0037838203307121,0.0300284209492316,0.019969311570212,0.3432454185911547
4.400000000016007,14.916202457953815,-0.0095066656582798,0.0303768108859442,0.0205476556275661,0.3452038226184297
4.500000000016371,14.926775647153724,0.0774620490887897,0.0307252008226567,0.0230057178731819,0.34582616131673627
4.600000000016735,14.90803900801197,-0.1243337180815749,0.0311186411332379,0.0231922836591636,0.3483797305285409
4.7000000000170985,14.903691306483244,-0.0939189569962449,0.0315281505735953,0.0159192664849098,0.35606767541171264
4.800000000017462,14.913797538953991,0.0514165588382062,0.0318841861666237,0.0179467279518597,0.3570315820167965
4.900000000017826,14.902335408354148,-0.0238047792806895,0.0320279335929215,0.0137703367596314,0.36085590416716523
5.00000000001819,14.89352314409578,-0.0507680687064782,0.0321716810192192,0.0019625649081442,0.36983428442884514
5.100000000018554,14.8992088292953,-0.019845374709213,0.0322515144891059,-0.0011267120584381,0.3724345561554486
5.2000000000189175,14.901602535172865,0.01390496666964,0.0323083053618947,-0.0224594471158807,0.38718429979305846
5.300000000019281,14.90857206768574,0.0648510374063727,0.0322329971055719,-0.0340980675131404,0.394483568024948
5.400000000019645,14.899548857327074,-0.0143364631270602,0.0317073187467114,-0.0386019264426715,0.3940766506613918
5.500000000020009,14.906647200077671,0.0182998112228847,0.0311816403878509,-0.0391157046970889,0.3909381040173627
5.600000000020373,14.90840544418253,0.0040928617745779,0.0304309438412177,-0.0446994124563279,0.3897385226932004
5.7000000000207365,14.908583628505358,0.0192472368146863,0.0296071883276881,-0.0460368062315864,0.38520568854144727
5.8000000000211,14.926035487095184,0.1180748742703865,0.0288501011403862,-0.0470148641048159,0.3808099073686259
5.900000000021464,14.928766803348656,0.0372630339128993,0.0283129602099308,-0.0474765480113513,0.37756172913788777
6.000000000021828,14.920369668392992,-0.0313261110929667,0.0277758192794753,-0.0477567306110189,0.37422222282003453
6.100000000022192,14.937377740684228,0.0989045956787529,0.0274010111806097,-0.0487589515745907,0.37236411488272203
6.200000000022556,14.939283293940951,0.0769162394575328,0.0270827669232909,-0.0487423658764831,0.37023809548013725
6.300000000022919,14.945848659676049,0.0702901638574584,0.026914080454216,-0.0481538506136211,0.36870162828467107
6.400000000023283,14.947089541547674,-0.0065214350741534,0.0273381704650511,-0.0454145821298316,0.36965767139602357
6.500000000023647,14.960050681549465,0.0821050005948376,0.0277622604758861,-0.044118538673081,0.371552567161031
6.600000000024011,14.98827272368172,0.270615517603477,0.0293541312889141,-0.0411399098267939,0.3799856273869979
6.700000000024375,14.969203940568232,-0.0076777552576912,0.0313659597462969,-0.0349866369290973,0.3891765094930324
6.800000000024738,14.955075678678329,-0.0998878975384944,0.0332736441440407,-0.030407124372101,0.39869570024658557
6.900000000025102,14.967765358704034,0.0111439881284137,0.0348455473666689,-0.0276006712793106,0.40708133856664913
7.000000000025466,14.969469039425851,0.0305958661268129,0.036417450589297,-0.021147943743768,0.4130496508286876
7.10000000002583,14.968320443637593,0.0334613288132706,0.0366570723305102,-0.0175001350448531,0.4121882447630566
7.2000000000261934,14.95514363367881,-0.1478467069710635,0.0364197132603889,-0.021092779677078,0.4130766761890123
7.300000000026557,14.951078335170994,-0.1099642837460256,0.0361410809202776,-0.0213835881521387,0.411463795829315
7.400000000026921,14.951442209788942,-0.0455682671170634,0.0357190386639356,-0.0206468485601399,0.4082110335017467
7.500000000027285,14.944888238963465,-0.0125391504461491,0.0352969964075936,-0.0244837161549061,0.40803243130798983
7.600000000027649,14.926975329615184,-0.1212882679942264,0.0357385598571291,-0.0205487330087749,0.4083560249230328
7.700000000028012,14.917041862185602,-0.1069887239677251,0.0364964677373674,-0.0182343128544854,0.41180305306788556
7.800000000028376,14.937029679321167,0.0852021934863808,0.0371968715526042,-0.0168197711346153,0.415367342950599
7.90000000002874,14.93827671110052,0.0472989753044337,0.0376660274366068,-0.0109516530331423,0.4145180057715014
8.000000000029104,14.941352535935655,0.06351045622996,0.0381351833206094,-0.0102511797372045,0.41710289455706734
8.100000000029468,14.92214785386582,-0.0996147047038231,0.0377219162457818,-0.0120360321299418,0.4156604981394977
8.200000000029831,14.937647553893816,0.0201469059769364,0.0369906382129502,-0.0139152333471427,0.412083084741277
8.300000000030195,14.946023839077972,0.1049536449313815,0.0363285934478945,-0.0169778385958407,0.4097687190307558
8.400000000030559,14.954925582569231,0.098268913584729,0.0358889950866433,-0.0088374538279842,0.4014213634603995
8.500000000030923,14.929964898332477,-0.1449971402138675,0.035449396725392,0.0076184359151003,0.38757643483285836
8.600000000031287,14.944470524017378,0.0674744253103506,0.0353717034363185,0.0041074110781464,0.38937741966522155
8.70000000003165,14.966827219302546,0.1564266849630338,0.0354240730218029,0.0043137326624333,0.3895116008507477
8.800000000032014,14.94775307505124,-0.0513874825596743,0.0358723493311292,0.011593818777677,0.38763437674230616
8.900000000032378,14.946027119094948,-0.0053445516680095,0.0376915484329452,0.0190530763662171,0.39460561705106495
9.000000000032742,14.952314051866107,0.0267813460510592,0.0395107475347611,0.0216066988825925,0.4048132876819932
9.100000000033106,14.96106192086146,0.06705511662779,0.0395565764225102,0.0229926101993495,0.40415801453043554
9.20000000003347,14.968936301163623,0.1036508000334915,0.038950084934987,0.0221706707483255,0.40070588057834927
9.300000000033831,14.962869939422989,0.0299947913847752,0.0385142066511355,0.0234904510522286,0.3969815793338995
9.400000000034195,14.971213467718009,0.0602496500551147,0.0386172399229174,0.0206618882172628,0.3995245659957765
9.50000000003456,14.974069802955457,0.0237274251100805,0.0387202731946993,0.0284441233859925,0.394978835261322
9.600000000034925,14.99412901014341,0.1429271809155281,0.0388739241319749,0.0301881368049959,0.39475383617731036
9.700000000035288,14.994354183413654,0.0934987038863381,0.0390459624394882,0.0346126573384787,0.3929172544784246
9.800000000035652,14.974509337676462,-0.0728055871740736,0.038970988599347,0.0367630471305676,0.39104572170926444
9.900000000036016,14.98138983629864,-0.0050835211485421,0.0379682159957939,0.0341187067729784,0.3861966667245335
10.00000000003638,14.988409714775118,0.0229860683763629,0.0369654433922408,0.0381071361909186,
10.100000000036744,14.983878192336078,0.0247477473012701,0.0370258660742671,0.0351003677542303,
10.200000000037107,14.98726536494718,0.0651595625410468,0.0374595043970853,0.0437732584364883,
10.300000000037471,14.986649593029316,0.0058010104598385,0.0380564612510954,0.0584458414304863,
10.400000000037837,14.982506923492586,-0.054034117929731,0.039195826879629,0.0768737669021942,
10.5000000000382,14.98913863024244,0.0316742479684965,0.0403351925081625,0.0788644290972117,
10.600000000038564,14.9845093203756,0.0282682945778343,0.0405303505767643,0.0804041310377663,
10.700000000038926,14.975104026960777,-0.0618464273085276,0.040394006859171,0.0788166814608198,
10.80000000003929,14.96490011204856,-0.107025288768663,0.0400819034970001,0.0730697732663987,
10.900000000039654,14.97514310873771,0.0154658362906477,0.0391980772356892,0.0705205569587931,
11.000000000040018,14.97681062141968,0.0392715877556945,0.0383142509743782,0.0679679926964321,
11.100000000040382,14.968349834416202,-0.0042512891337012,0.0378906409795772,0.0656401765194621,
11.200000000040744,14.961867983087632,-0.0533841877872305,0.0376354869111064,0.0646663672108,
11.30000000004111,14.97175325535614,0.0423774539057463,0.0373848211030805,0.0607312552383525,
11.400000000041471,14.9699366765656,0.0208761190537668,0.0371521233724289,0.0612355017225875,
11.500000000041837,14.964021113605686,0.0097428300532884,0.0369194256417773,0.0558397108648368,
11.6000000000422,14.956482404719717,-0.0627043492664199,0.0364659208273808,0.0366620928855592,
11.700000000042564,14.937554427849344,-0.1982091274636981,0.0359307841809694,0.0360173550884661,
11.800000000042928,14.96210916688458,0.0460789251937533,0.0354344414573147,0.0356798709440456,
11.900000000043292,14.971027168069076,0.0762113019863101,0.0350880624943127,0.0262067705364524,
12.000000000043656,14.969499012252532,0.0358940268761627,0.0347416835313106,0.0181091537991212,
12.10000000004402,14.950441851048147,-0.1342662068708833,0.0342207772360224,0.0087427546835107,
12.200000000044383,14.966993666395169,0.0224343060286384,0.0336361762581442,-0.0139095580802115,
12.300000000044747,14.981869394399215,0.1048624806431364,0.0332600414104137,-0.0128244636137894,
12.400000000045113,14.97724284110214,0.0295624288001719,0.0336744869414624,-0.0110884193244913,
12.500000000045477,14.966263090081924,-0.048807937827777,0.034088932472511,-0.0112961328786535,
12.60000000004584,14.978025358225397,0.0220828103421919,0.0341658092712174,-0.01096472536129,
12.700000000046202,14.986142865421678,0.0739744122319059,0.0341186511395117,-0.009332026389578,
12.800000000046566,15.000083775433138,0.1320781507650381,0.0340676604066642,-0.0121210518889314,
12.90000000004693,14.994139601850616,0.0129902992032811,0.0340004891518526,-0.0069322204614025,
13.000000000047294,14.998557441881,0.0055592901877,0.0339333178970409,-0.0070638893504984,
13.100000000047658,15.010324324923536,0.0575753892652276,0.0335795012485225,-0.012250883238065,
13.20000000004802,15.020110243560412,0.0984877376317329,0.0331237316990014,-0.0206968642452798,
13.300000000048383,15.011905893093331,0.013096056142462,0.0328390262449919,-0.0204429241845483,
13.400000000048747,15.0246664890268,0.0831313230360709,0.0331070684014554,-0.0154195965604819,
13.500000000049113,15.028488697203173,0.0274564723648502,0.0333751105579189,-0.0137998515247746,
13.600000000049477,15.051064399897498,0.17147137743859,0.0331874306503721,-0.0130763646540271,
13.70000000004984,15.063706637488766,0.1824037519443101,0.032832773551832,-0.0132181461180259,
13.800000000050204,15.066773268051511,0.0859589920216019,0.0324919954309548,-0.0140967242838438,
13.900000000050568,15.076919086668305,0.0841242444320325,0.0321993602032209,-0.0195638928212389,
14.000000000050932,15.093842481418829,0.0998036270402374,0.031906724975487,-0.0193045542463589,
14.100000000051296,15.09101452792927,0.0639650147197241,0.0325536360920586,-0.0167986111547287,
14.20000000005166,15.115419008645445,0.188324716863051,0.0335327214177134,-0.022290729801612,
14.300000000052025,15.115519407994364,0.0764828645709965,0.0343528467038709,-0.0230920407372056,
14.400000000052389,15.133868437655885,0.1087412967703257,0.0346290422000017,-0.0422599379226709,
14.50000000005275,15.132246628533952,0.0087981549627227,0.0349052376961324,-0.049394943704675,
14.600000000053114,15.131905236215957,0.0230649409209451,0.03548762414974,-0.0474378508981098,
14.700000000053478,15.14318475683253,0.0496910371785407,0.0361843363718854,-0.0503820118938199,
14.800000000053842,15.132608225992303,-0.0765498365979275,0.0368752650510703,-0.0480562680828622,
14.900000000054206,15.142866766158711,0.0161144568027363,0.0375478779716322,-0.0457027397445582,
15.00000000005457,15.164535463717154,0.1606517461198155,0.0382204908921943,-0.042644029396827,
15.100000000054932,15.15742226366383,0.0294410144950879,0.0381105451794131,-0.0427836692807988,
15.200000000055296,15.152866353108644,-0.0020748647648053,0.0377017099082568,-0.0442032770210692,
15.30000000005566,15.15363574942664,-0.032302857645005,0.0371342418584862,-0.0454914332238382,
15.400000000056025,15.159183375416903,0.0175061690396733,0.0359803431709147,-0.0485107750098848,
15.500000000056389,15.172994701232556,0.1144790383047486,0.0348264444833433,-0.0463539777428863,
15.600000000056752,15.170080511321355,0.0406589188648699,0.033474012705244,-0.0496071994396019,
15.700000000057116,15.162081454311153,-0.0521187434582933,0.0320495404754623,-0.0536596866682074,
15.80000000005748,15.165758473100858,-0.0284833975435533,0.0308189081711338,-0.0569637147141634,
15.900000000057844,15.16953013376729,0.0187580066436308,0.0302187472005293,-0.0587415734050614,
16.000000000058208,15.158921154510914,-0.0255242949246462,0.0296185862299248,-0.055646901610866,
16.10000000005857,15.158920209776074,0.0089078835224439,0.0295750631671589,-0.0563365446104269,
16.200000000058935,15.139964360726234,-0.1245140845135544,0.0297320377435831,-0.0470973040112701,
16.3000000000593,15.160017541372223,0.0877371992809188,0.029987478126765,-0.0457921203852829,
16.400000000059663,15.151802656913487,0.0056968030897892,0.0306015210388885,-0.0382463478116675,
16.500000000060027,15.142315092802914,-0.0094690213696197,0.0312155639510121,-0.0329178335832449,
16.60000000006039,15.127419413905471,-0.0917986127694399,0.0316379269331884,-0.0289944434221924,
16.700000000060754,15.121721700234176,-0.1015164269221622,0.0319891225989349,-0.0152783585217843,
16.800000000061118,15.13379032297452,0.0306590922680761,0.032448695475223,-0.014233893997312,
16.900000000061482,15.13257425844263,0.0202587240917527,0.033347633627276,-0.007961626035623,
17.000000000061846,15.12897367770177,0.010000688367459,0.0342465717793291,0.011825613540615,
17.10000000006221,15.12199336290766,-0.0643591583367738,0.0345152788561124,0.0160618640220448,
17.200000000062573,15.117848542844142,-0.0738780786411705,0.034557191914155,0.027392389411303,
17.300000000062937,15.125005529950723,0.0323457857430837,0.034640334359954,0.0270428524690472,
17.4000000000633,15.112196227184878,-0.0269139789112714,0.03487710809401,0.0307855541457628,
17.500000000063665,15.098757732632974,-0.08297496871295,0.035113881828066,0.042867967368717,
17.60000000006403,15.091564263762631,-0.0984439846654514,0.0355968154563894,0.0477555167836803,
17.700000000064392,15.093247062822476,-0.0301302552840845,0.0361708696458975,0.0523282496894108,
17.800000000064756,15.088121112542876,-0.0304187226016975,0.0366302476667215,0.0520786750483838,
17.90000000006512,15.076326194463416,-0.0782575942251727,0.0367046551961199,0.0512181893650347,
18.000000000065484,15.062845910246727,-0.1384358566226334,0.0367790627255183,0.0503119358488269,
18.100000000065847,15.057072404209125,-0.0966545015119487,0.0370541469165898,0.0544587325061777,
18.20000000006621,15.049000442952972,-0.0872264695047748,0.0374029768519352,0.0534145083743004,
18.30000000006657,15.046113432579254,-0.0184895775285676,0.0377726158598184,0.0541034755424512,
18.40000000006694,15.029286113202255,-0.1041835679617278,0.0382303478459124,0.0544641079146937,
18.500000000067303,15.02619703407806,-0.0916319819303731,0.0386880798320063,0.0543882685025069,
18.600000000067663,15.025439082371191,-0.0500530295430447,0.0391948049911237,0.0554689630612169,
18.70000000006803,15.014019658602129,-0.0542068231542858,0.0397193035519251,0.0569516553105059,
18.800000000068398,15.004646286438607,-0.0462739419994598,0.0400232859952663,0.0561568008839767,
18.90000000006876,14.995091841501036,-0.1012925354353586,0.039414395453359,0.0544686345797107,
19.00000000006912,15.001932515370084,-0.0108559197499562,0.0388055049114517,0.0524836437882854,
19.100000000069485,15.020794272648503,0.1172392125302963,0.0392053196329035,0.0509615268644422,
19.20000000006985,15.003029140730543,-0.0606622687589633,0.0399754836466385,0.0516475797504643,
19.300000000070213,14.980538142626424,-0.1582106651019027,0.040672448239035,0.0531098176453261,
19.400000000070577,14.971889545959812,-0.1406673841189706,0.0411274259795823,0.0501029302173935,
19.50000000007094,14.96628693675892,-0.0990339011262463,0.0415824037201296,0.0508147106520087,
19.600000000071304,14.95780343502068,-0.0511926841449045,0.0404649477203928,0.048376200857435,
19.700000000071668,14.966587852716302,0.0572472129831062,0.0387804055225561,0.0434094443054511,
19.800000000072032,14.972753110891915,0.0349758396959946,0.0373171853860447,0.0340709557969427,
19.9000000000724,14.978608328663128,0.0303249060382485,0.0366398672668033,0.0268423261834363,
20.00000000007276,14.975582195083147,0.0171255152762757,0.0359625491475619,0.0196654326039023,
20.100000000073123,14.965755740999924,-0.0248492118459249,0.0357889169488716,0.010261692142894,
20.200000000073487,14.948947440304318,-0.1251803533379936,0.0357987471261577,0.011605563022993,
20.30000000007385,14.93540364028289,-0.1554661329460234,0.0358471143076038,0.0080891516109419,
20.40000000007421,14.926637825083326,-0.12485498230046,0.036018929062205,0.0044581475167151,
20.50000000007458,14.916555432406936,-0.0769208436849365,0.0361907438168062,0.0060885404695406,
20.600000000074942,14.906591191103614,-0.0861411829774657,0.0366550819023918,0.007557768047143,
20.700000000075303,14.898952183327031,-0.1162811495207171,0.0372249001459291,0.0010654571610049,
20.80000000007567,14.89086062035115,-0.106621238734249,0.0376844302045744,0.0041414391708133,
20.900000000076037,14.880351117241378,-0.0733156170583676,0.037762386537424,0.0019912980353206,
21.0000000000764,14.87517580956182,-0.0404268592388836,0.0378403428702737,-0.0062851330222335,
21.10000000007676,14.860385643553284,-0.1110912788443143,0.037215998513192,-0.01159643610544,
21.200000000077125,14.845185846328183,-0.1605103956034275,0.036338452908289,-0.0211984984485886,
21.30000000007749,14.813441518491748,-0.2603827307057987,0.0356362529962333,-0.030381645618619,
21.400000000077853,14.794444420079673,-0.183339056469563,0.0355252341079024,-0.044138358265002,
21.500000000078217,14.759539468209285,-0.30470654903723,0.0354142152195715,-0.0435705487357268,
21.60000000007858,14.73084466385606,-0.357250205682322,0.0355549186478831,-0.0420280313030563,
21.700000000078944,14.709414652526371,-0.3134194451380553,0.035789608895032,-0.0406098607690643,
21.800000000079308,14.65784273476046,-0.4069115981510516,0.0358186444786476,-0.0392861535343814,
21.90000000007967,14.613793543772948,-0.4436654833800821,0.0351550524270454,-0.0450048734893617,
22.00000000008004,14.546591260938602,-0.5515885800977641,0.0344914603754432,-0.0620402009618135,
22.1000000000804,14.502209841051611,-0.4551712573560821,0.0344131321581322,-0.0544160525365463,
22.200000000080763,14.457361776762925,-0.4171156629285865,0.034547744013095,-0.0495884569492511,
22.300000000081127,14.413051686913834,-0.4112908939695592,0.0346428447380462,-0.0445804785571857,
22.40000000008149,14.389451990531327,-0.3438424309929209,0.03461157805479,-0.0379136309716571,
22.50000000008185,14.357521465383224,-0.3035839722841141,0.0345803113715338,-0.0364807829923609,
22.60000000008222,14.315457240572409,-0.3657556039676466,0.0349843163893532,-0.0345290439804656,
22.700000000082586,14.26147440723065,-0.4996180996992006,0.0355463605799193,-0.0252559270982084,
22.800000000082942,14.213230428732857,-0.5092638238538876,0.0361593715740745,-0.0192103328518943,
22.90000000008331,14.168953361143233,-0.4603462496645771,0.0369459127616125,-0.018571174885917,
23.000000000083677,14.131422567433038,-0.385262093403815,0.0377324539491504,-0.0158809269411596,
23.10000000008404,14.089839754747102,-0.4226864771873524,0.0382315082593529,-0.0143602650482144,
23.2000000000844,14.051611210295256,-0.4127208467251695,0.0386297517986488,-0.0060600713540182,
23.300000000084765,14.006026414087472,-0.4582838769200361,0.0391390837093026,-0.0061122489091289,
23.40000000008513,13.952027531098,-0.4847398826929499,0.0400280416854013,0.0178323303047596,
23.500000000085493,13.941336941472924,-0.2433436406547409,0.0409169996615001,0.0237638975093063,
23.600000000085856,13.896784873628969,-0.349687950201833,0.041285916280203,0.0239576354347775,
23.70000000008622,13.883710706985616,-0.1484734056780359,0.0414716405651635,0.019940196434449,
23.800000000086584,13.8969473809981,0.0092490519454499,0.0416431115786758,0.0198182159493139,
23.900000000086948,13.87579967771023,-0.1503274227579138,0.041768670518265,0.0192330314356363,
24.00000000008731,13.869046517915152,-0.0960652982312947,0.0418942294578542,0.015179387098217,
24.100000000087675,13.86077494892195,-0.1026294012208071,0.0417546237921561,0.0156343518203249,
24.20000000008804,13.848620893912882,-0.1211976367498428,0.0415212441619474,0.0147409966394548,
24.300000000088403,13.850668488361698,-0.0604189081272374,0.0409861345227191,0.0123197825468001,
24.400000000088767,13.82545668618546,-0.1604598462914686,0.0391592478138572,0.0091973572243039,
24.50000000008913,13.80180825124741,-0.1964865151669558,0.0373323611049954,0.008813661498395,
24.60000000008949,13.789686152526643,-0.2035669597013308,0.0360776968705981,0.0041927951540316,
24.700000000089855,13.774469866685823,-0.1517272743313379,0.0350342324603002,0.0006775900384573,
24.800000000090225,13.759976253166275,-0.1259601852872402,0.0341767143020608,-0.000280403708806,
24.900000000090586,13.741899364309448,-0.1944995680855649,0.0339499516288559,-0.0009565660547247,
25.00000000009095,13.723078224775394,-0.2068367647717915,0.033723188955651,-0.0012930159781443,
25.100000000091317,13.714892689775969,-0.0743117293820838,0.0334358074546524,-0.0014798074297853,
25.20000000009168,13.678891251432928,-0.2615959515639809,0.0331255479391858,-0.0026176370985548,
25.30000000009204,13.64456954032798,-0.3406164094585215,0.03282930111224,-0.0029688159972612,
25.400000000092405,13.647409125547233,-0.094776103332657,0.0325893618980193,-0.0031921043817214,
25.50000000009277,13.623716013709045,-0.1835675408384794,0.0323494226837986,0.0035888088486156,
25.60000000009313,13.602926502936374,-0.164498580113138,0.0325566002137977,0.0060878394022643,
25.700000000093496,13.598633700560915,-0.1107575911460991,0.0329269149062641,0.00748730658492,
25.80000000009386,13.57925058657564,-0.1563080526010649,0.0333057252242168,0.0093398353374609,
25.900000000094224,13.554710513357325,-0.2115557943156314,0.0337120762853811,0.0023871334078358,
26.000000000094587,13.536587584010723,-0.1905485110562012,0.0341184273465454,-0.0155524130063466,
26.10000000009495,13.50010239222572,-0.2622062474016976,0.034035105854623,-0.0368320458748509,
26.200000000095315,13.455611091059088,-0.3873742192069079,0.0337776084137543,-0.1200861564818426,
26.30000000009568,13.42706578545835,-0.3321340123222893,0.0334508480435784,-0.2180387851756872,
26.400000000096043,13.387095008929526,-0.3586858200544373,0.0328814726060279,-0.3153838394138672,
26.500000000096406,13.332676174815768,-0.4648912018053373,0.0323120971684774,-0.4219590049370472,
26.60000000009677,13.266679255219536,-0.6173883698959384,0.0318789017488613,-0.5089287170556492,
26.70000000009713,13.209209064565234,-0.5925415358792103,0.0314964404712798,-0.5779661672884681,
26.800000000097494,13.160573253603868,-0.4960678465576474,0.0317877019664231,-0.7256594396140684,
26.90000000009786,13.102860920715004,-0.5562080417501666,0.0345666083901843,-0.9204287653363592,
27.000000000098225,13.014883566910347,-0.8089336813518395,0.0373455148139454,-0.9579927037340672,
27.10000000009859,12.961851633822375,-0.5849253215382774,0.039180492214874,-0.942588538151914,
27.200000000098957,12.907395422622637,-0.5806476406129506,0.0406717664510919,-0.9343889062962758,
27.30000000009932,12.858526125356288,-0.554520868182034,0.0416659049609606,-0.9285651950730616,
27.40000000009968,12.780146255737966,-0.6798325749776398,0.0410198284711216,-0.9001899493843325,
27.500000000100044,12.671855509489454,-0.939681864457145,0.0403737519812827,-0.8458103425324474,
27.600000000100408,12.55711922443628,-1.0481294646372623,0.0394477420837793,-0.669398241373594,
27.70000000010077,12.47826074176915,-0.8319745080297996,0.0384167984215059,-0.4125828941025546,
27.800000000101136,12.399022279656952,-0.8195263184210193,0.0374952639126447,-0.354541096992176,
27.9000000001015,12.291361468422014,-1.0542042672140997,0.0369889611214552,-0.348431461052373,
28.000000000101863,12.122839719089075,-1.4580107000613047,0.0364826583302657,-0.3174389341908892,
28.100000000102227,11.964326240250523,-1.5260159448729982,0.0363587913825693,-0.2551108672694397,
28.20000000010259,11.856832989462522,-1.2188119278895222,0.0363714223104341,-0.0785384993392014,
28.300000000102955,11.750649086344188,-1.1455572593894348,0.03548770346327,0.1979635290033892,
28.40000000010332,11.664509830410662,-0.974500172772706,0.0315375415879185,0.3113699090726916,
28.50000000010368,11.570420258504235,-0.9420014464534544,0.0275873797125669,0.2692520903649119,
28.60000000010405,11.485070625434814,-0.9205724294861382,0.0264519059279167,0.2627627088921043,
28.70000000010441,11.41054121171713,-0.81439328055712,0.0263508859956521,0.2688212760468289,
28.80000000010477,11.283401785358173,-1.103817706124251,0.0270025721499325,0.2914768048275039,
28.900000000105138,11.167145777869903,-1.129233880468297,0.030088224656197,0.3886121250018299,
29.0000000001055,11.058858096417746,-1.0792043800576032,0.0331738771624614,0.4586170950469,
29.100000000105865,10.975845545278764,-0.9471923561672998,0.0339145638197997,0.4493954675294604,
29.20000000010623,10.90053585109602,-0.8099380086850709,0.0337997138172817,0.4535294177069872,
29.300000000106596,10.809815029565348,-0.852362186032781,0.033252462845706,0.4128032298720827,
29.40000000010696,10.72931170010942,-0.8095585655703981,0.031216803721413,0.3929552527327884,
29.50000000010732,10.639110779889524,-0.8791200094232249,0.02918114459712,0.3857997568727107,
29.600000000107684,10.562551897314714,-0.8204033901925845,0.0270237721271667,0.3745070267856591,
29.700000000108048,10.53027865344252,-0.5231302808606221,0.0248213843888007,0.3698255256915487,
29.80000000010841,10.416202755921772,-0.9157652860436584,0.022670865297412,0.3619776680494008,
29.900000000108776,10.306418803764998,-1.0290379569702734,0.0207206028244017,0.3516611539712797,
30.00000000010914,10.24158206762991,-0.7685218062908169,0.0187703403513913,0.341624177246892,
30.100000000109503,10.126927176120518,-1.0163474635748164,0.017931936595998,0.2934072036345413,
30.200000000109867,10.05292475641971,-0.8582141116491441,0.0174877499687523,0.2723665141740934,
30.30000000011023,9.992307099946297,-0.66584467641611,0.0174569607314414,0.2565282682631308,
30.400000000110595,9.8645400626611,-0.9913235024090512,0.0188200622339175,0.1963013085866808,
30.50000000011096,9.790182933452884,-0.8338244924472532,0.0201831637363935,0.1946419894421748,
30.60000000011132,9.633625397112542,-1.3078863995262526,0.0202538135586082,0.1835624274769729,
30.70000000011169,9.556854293135492,-1.004232420937308,0.0198426407865939,0.1592283962491087,
30.80000000011205,9.441859656185065,-1.0826146336088682,0.0198578980460425,0.1493805486650307,
30.900000000112414,9.329467134294482,-1.0957961526744937,0.0212456959734466,0.14499987406356,
31.000000000112777,9.25126569972953,-0.898920226412108,0.0226334939008508,0.1361667793471856,
31.10000000011314,9.12709211482255,-1.1112676925713771,0.023366557704441,0.1301971889170989,
31.200000000113505,9.008344504176838,-1.1773827229334135,0.023859570212665,0.1062243633666238,
31.30000000011387,8.878302757205002,-1.2531953121825266,0.0243197041704063,0.0402969310252936,
31.400000000114236,8.777958738297622,-1.0742859395812014,0.0246440266931831,0.0377817504638787,
31.5000000001146,8.667463871455354,-1.1009408589510852,0.0249683492159599,0.0304103828921344,
31.60000000011496,8.566293955870163,-1.0537287387355487,0.0249065461196754,0.0339308517979851,
31.700000000115324,8.465809523775272,-1.0155964357372962,0.0247013613575668,0.0246227158278928,
31.800000000115688,8.369876121169472,-0.9825597208122632,0.0246943158653121,0.0259591993997003,
31.90000000011605,8.270599769841308,-0.9927032396476272,0.0253384031429933,0.0262448302669669,
32.000000000116415,8.177983145815999,-0.9373914135374752,0.0259824904206745,0.0249612940174857,
32.10000000011678,8.073920715212852,-1.0126341893041078,0.0263632038394451,0.0272280175262984,
32.20000000011714,7.969618914675505,-1.0015406868756835,0.0266500979035937,0.0270692242760258,
32.30000000011751,7.860642052883331,-1.0357513594721914,0.0268515262715195,0.0261211695829281,
32.40000000011787,7.761936389453053,-1.006016832922465,0.0267216373013391,0.0249553504915739,
32.500000000118234,7.665308148651064,-0.9746026606485232,0.0265917483311587,0.0222121802278676,
32.6000000001186,7.574600009437137,-0.937476586706656,0.0257591904543387,0.0224935242736172,
32.70000000011896,7.490929351207535,-0.889790636126682,0.0246658308995315,0.0254788539727628,
32.800000000119326,7.403876349565704,-0.9137742953716872,0.0237944937950325,0.0233918145323594,
32.90000000011969,7.295139796300761,-1.0106866675042985,0.0236296120414675,0.0241156665226076,
33.00000000012005,7.204979769678352,-0.977530118751864,0.0234647302879025,0.024075277353361,
33.10000000012042,7.113088522063996,-0.9773870991585442,0.0223992456670047,0.0268145598970466,
33.20000000012078,7.03984127698505,-0.7943822803029006,0.0210011634390019,0.0251034078520941,
33.300000000121145,6.970514498674759,-0.7106844693671964,0.0199412973930534,0.0243867062462358,
33.40000000012151,6.895626505303188,-0.7615884320888824,0.0200091833164698,0.025305661314376,
33.50000000012187,6.823923708903112,-0.7026806007079339,0.0200770692398862,0.0300107120704787,
33.60000000012224,6.747327026228033,-0.7146511663933075,0.0198087037679389,0.0282642083791331,
33.7000000001226,6.642266074304839,-0.9394428744705684,0.0194207156731731,0.0265332276102555,
33.800000000122964,6.552912099113918,-0.8913790442921569,0.019158444296158,0.0263058261069701,
33.90000000012333,6.450820057009755,-0.9115118409328968,0.0193049427146456,0.0284712481291522,
34.00000000012369,6.344400373166321,-1.0162966779422768,0.0194514411331332,0.0302107136226307,
34.100000000124055,6.2294369852276565,-1.1063812826104773,0.0190209863024939,0.028948928346968,
34.20000000012442,6.114182526803384,-1.119955036223344,0.0183863032685588,0.0275497730958623,
34.30000000012478,6.036708849290426,-0.8912935991450197,0.0179689757102947,0.0280685069743269,
34.40000000012515,5.917647770135362,-1.076740029425855,0.0182768917857441,0.0281016642479418,
34.50000000012551,5.831925714074531,-0.9422482014083364,0.0185848078611935,0.0314261707106645,
34.600000000125874,5.710058073851937,-1.1505942513368277,0.0183192135740124,0.0304630320987646,
34.70000000012624,5.5387851916007085,-1.5011106343552514,0.0178435234368894,0.0286501013446781,
34.8000000001266,5.41006301416714,-1.327048332125224,0.0177688245114421,0.0273767302810166,
34.900000000126965,5.277472344212797,-1.3096358383050732,0.0190697197830315,0.0263495983318297,
35.00000000012733,5.141215406761424,-1.3567360420062056,0.0203706150546208,0.0258841523322213,
35.10000000012769,5.007823865351785,-1.294695502873262,0.0205224554875246,0.0249517504412618,
35.20000000012806,4.868739345339521,-1.3652819370956295,0.0202458163624839,0.0232713332425374,
35.30000000012842,4.704994325333896,-1.5521323364440456,0.0200950631853051,0.021000293679064,
35.400000000128784,4.540919641965039,-1.5809375398691587,0.0204041067813556,0.0194263563864306,
35.50000000012915,4.36491356709637,-1.6865223063611112,0.020713150377406,0.0175836022118163,
35.60000000012951,4.198319938517869,-1.664087921566211,0.0208955292790896,0.0165302058893481,
35.70000000012988,4.060002095447644,-1.4541304742441443,0.0210310443986764,0.0152004504178475,
35.80000000013024,3.932033720761637,-1.3190287361516766,0.0211215047525614,0.0131124325129011,
35.9000000001306,3.8232809924748734,-1.1591703053107036,0.0210536637568963,0.0116278804641015,
36.00000000013097,3.730928163586241,-1.025293629532698,0.0209858227612312,0.0107219104339792,
36.10000000013133,3.6408473866048494,-0.9580548734409772,0.0202586263521922,0.0083604872420605,
36.200000000131695,3.5619132395156488,-0.8609780926623579,0.0192927634533979,0.0075731206039037,
36.30000000013206,3.48674046472404,-0.7945828465840039,0.0184026237341234,0.0059610095365751,
36.40000000013242,3.424994253765845,-0.6866998722903545,0.0177607460935572,0.0050161374781112,
36.50000000013279,3.3616259019986434,-0.6349470547912339,0.017118868452991,0.0034237608745282,
36.60000000013315,3.292616897364717,-0.6698321947220426,0.0172587150000971,0.003488597604977,
36.70000000013352,3.2207328248035614,-0.6978266923604993,0.0176858950157357,0.0033840384273103,
36.80000000013388,3.1714233123290945,-0.5765647694674723,0.017807831214676,0.0034157714251224,
36.90000000013424,3.113233873040454,-0.5819891403118808,0.0168895704851838,0.0033967316952278,
37.000000000134605,3.07935139839256,-0.4226355411647845,0.0159713097556917,0.0032776091924189,
37.10000000013497,3.047372713388932,-0.3447654891129129,0.0141688898478984,0.0027609502571924,
37.20000000013533,3.0118695424151203,-0.3612898536053461,0.0120270353185872,0.0022950005544385,
37.3000000001357,2.9381982121275123,-0.601850273893647,0.0105213315529929,0.0021776788584534,
37.40000000013606,2.8374519824074094,-0.8678594332695121,0.0110824543148379,0.0021303158416925,
37.50000000013642,2.7262529230055828,-1.0214179586254568,0.0116435770766828,0.002031943274874,
37.60000000013679,2.609948297186299,-1.1073576164689063,0.0120527755694914,0.0019319411173738,
37.70000000013715,2.493361428484727,-1.138065619128463,0.0124054425749614,0.001803909225656,
37.80000000013752,2.3869689560940115,-1.085791316572926,0.0124486541460416,0.0016893070306279,
37.90000000013788,2.2914031567238413,-0.9963586294950028,0.0112599702532014,0.0015379932226725,
38.00000000013824,2.197942296283439,-0.9418457198674366,0.0100712863603611,0.0013213627868484,
38.10000000013861,2.0932679164412296,-1.0072043713691563,0.0093389065842994,0.0011413330302018,
38.20000000013897,1.983642153343424,-1.0703700281437836,0.0087701481382062,0.0010686479051776,
38.300000000139335,1.880014836883014,-1.034741930770799,0.0083780327867875,0.0009749156919064,
38.4000000001397,1.7820641486333213,-1.0088660450379183,0.0086891980134686,0.0010115080408966,
38.50000000014006,1.6703624476793202,-1.0837025811850158,0.0090003632401497,0.0009105926709884,
38.600000000140426,1.5453934576051018,-1.191227677404886,0.0091098487821471,0.0008153287175891,
38.70000000014079,1.417996028974655,-1.2425532661518166,0.0091464363842255,0.0006917109982221,
38.800000000141154,1.2946854823912608,-1.250774437499398,0.0092069804697774,0.0005866722183086,
38.90000000014152,1.1609930842813958,-1.3030002517176649,0.0093642753718445,0.0004773871788929,
39.00000000014188,1.025135756998513,-1.335689111306089,0.0095215702739117,0.0003750567893208,
39.100000000142245,0.8858803493898251,-1.3792693756191174,0.0095638930797576,0.0002802034876678,
39.20000000014261,0.7576797548236573,-1.3033254520229314,0.0095638930797576,0.0002050452458522,
39.30000000014297,0.6796158570354546,-0.9513445250522684,0.0095638930797576,0.0001652135955943,
39.400000000143336,0.6487375918434966,-0.5252245670975316,0.0095638930797576,0.000194114987906,
39.5000000001437,0.6501393953202698,-0.1732415794184717,0.0095638930797576,0.0002814338973758,
39.600000000144064,0.6604353674990019,0.0044675441062007,0.0095638930797576,0.0003015000414065,
39.70000000014443,0.6817319032170788,0.1457063648947536,0.0095638930797576,0.0003211942102977,
39.80000000014479,0.7269379957761785,0.3484402156068972,0.0095638930797576,0.0003651056139764,
39.90000000014516,0.7762689869085772,0.4344659141022077,0.0095638930797576,0.000416230727684,
40.00000000014552,0.8106272760586144,0.3667835171593384,0.0095638930797576,0.0004537853539679,
40.10000000014588,0.8323299116746489,0.2753585358359951,0.0095638930797576,0.0004781916148011,
40.20000000014625,0.8606547024268149,0.2883258336058384,0.0095638930797576,0.0004923050496176,
40.30000000014661,0.897085939371261,0.3353179312431952,0.0095638930797576,0.000534764471302,
40.400000000146974,0.9373642197216784,0.372342637103483,0.0095638930797576,0.0005837581526716,
40.50000000014734,0.96182227959717,0.2823623033087455,0.0095638930797576,0.0006144978058517,
40.6000000001477,0.9681974192478257,0.142268156028625,0.0095638930797576,0.0006225992638924,
40.70000000014807,0.9620361771914772,0.0137096510033166,0.0095638930797576,0.0006146580478292,
40.80000000014843,0.9557609536098052,-0.0309233965880491,0.0095638930797576,0.0006066365871642,
40.90000000014879,0.9564735586899382,-0.0031084239030629,0.0095638930797576,0.000607467997029,
41.00000000014916,0.9600528699465304,0.0185537087515458,0.0095638930797576,0.0006119643580453,
41.10000000014952,0.9637142111856544,0.0325447801050872,0.0095638930797576,0.0006165612408001,
41.200000000149885,0.966291303615159,0.0243860389819196,0.0095638930797576,0.0006198126373901,
41.30000000015025,0.9668710570167168,0.0126820998331138,0.0095638930797576,0.0006205026600142,
41.40000000015061,0.9652172883031704,-0.0070837012035869,0.0095638930797576,0.0006182018287079,
41.500000000150976,0.9613673812977378,-0.0266016036324781,0.0095638930797576,0.0005896649960586,
41.60000000015134,0.959291394014308,-0.0250449492161038,0.0095638930797576,0.0005870979156797,
41.7000000001517,0.9623521169985542,0.0098524169171407,0.0095638930797576,0.0005908188601363,
41.80000000015207,0.9680534579146808,0.043109682311595,0.0095638930797576,0.00059779008314,
41.90000000015243,0.97047270597126,0.0300708809646259,0.0095638930797576,0.000600757965485,
42.0000000001528,0.9696639640095344,0.002973965208477,0.0095638930797576,0.0005997457659373,
42.10000000015316,0.9625500329824528,-0.0384648077090976,0.0095638930797576,0.0005908310484563,
42.20000000015352,0.9568451457690668,-0.0486123895995241,0.0095638930797576,0.0005599692015446,
42.30000000015389,0.9545288296175456,-0.0349170161252162,0.0095638930797576,0.0004638317784681,
42.40000000015425,0.9506636416926224,-0.0377451609284655,0.0095638930797576,0.0004135426610841,
42.50000000015461,0.953529107321264,0.0098750499368759,0.0095638930797576,0.0003459669779083,
42.60000000015498,0.9633394691443012,0.0613461430585203,0.0095638930797576,0.0002821123633598,
42.70000000015534,0.9504889635945264,-0.0661370224088809,0.0095638930797576,0.0002747443387291,
42.800000000155705,0.9313681302176132,-0.1449015635938302,0.0095638930797576,0.0002639099998942,
42.90000000015607,0.9066840073173944,-0.2089073127642714,0.0095638930797576,0.0002502122857922,
43.00000000015643,0.8771814784520822,-0.2586919826917601,0.0095638930797576,0.0002342948972969,
43.1000000001568,0.8619674222952616,-0.1811996387381433,0.0095638930797576,0.0002263275022343,
43.20000000015716,0.8531928137362308,-0.11985837390769,0.0095638930797576,0.0002218266231781,
43.30000000015752,0.854345551722121,-0.0248764010856586,0.0095638930797576,0.0002225050937416,
43.40000000015789,0.8618248248508799,0.0368701948843423,0.0095638930797576,0.0002264941607121,
43.50000000015825,0.8671583698973496,0.0422541606784674,0.0095638930797576,0.0002293845445808,
43.600000000158616,0.8640279749633162,-0.0053913351272358,0.0095638930797576,0.0002278136741824,
43.70000000015898,0.8606313799609926,-0.0252041955517294,0.0095638930797576,0.0002261068299537,
43.80000000015934,0.8570931574482957,-0.0325396378745289,0.0095638930797576,0.0002432052297406,
43.90000000015971,0.8566063762396433,-0.0150147850603099,0.0095638930797576,0.0002431175011356,
44.00000000016007,0.8556265823545324,-0.0124126803602472,0.0095638930797576,0.0002613780395081,
44.10000000016044,0.8554142811030429,-0.0073675618175686,0.0095638930797576,0.0002799105312942,
44.2000000001608,0.8502665623120907,-0.0321368233698874,0.0095638930797576,0.0002765399638321,
44.30000000016116,0.846554153448813,-0.0371792644422373,0.0095638930797576,0.0002741178379863,
44.400000000161526,0.830356340865782,-0.118721608119437,0.0095638930797576,0.000299639085067,
44.50000000016189,0.8073779134411108,-0.187245750578759,0.0095638930797576,0.0003667901035557,
44.600000000162254,0.7840257744840827,-0.2232347203351763,0.0095638930797576,0.0003772002257072,
44.70000000016262,0.7570706932791292,-0.256394871683243,0.0095638930797576,0.0003515793495986,
44.80000000016298,0.7339203731107516,-0.2437345265271432,0.0095638930797576,0.0003166849583479,
44.90000000016335,0.7140930883422056,-0.213982461921215,0.0095638930797576,0.0002997114060572,
45.00000000016371,0.6986511493822181,-0.167461798520667,0.0095638930797576,0.0002867807552423,
45.10000000016407,0.69781420362289,-0.0618770241240708,0.0095638930797576,0.0002735782694839,
45.20000000016444,0.7059982195644605,0.0304811888193622,0.0095638930797576,0.0002672891806714,
45.3000000001648,0.7159826912963395,0.0768187222729648,0.0095638930797576,0.0002749083746087,
45.40000000016517,0.7211654472915238,0.0579628562876371,0.0095638930797576,0.0002789112280096,
45.50000000016553,0.7300524530230001,0.0792857846877397,0.0095638930797576,0.0002858340876439,
45.60000000016589,0.7446074663627553,0.1281295994913926,0.0095638930797576,0.0002971469717341,
45.700000000166256,0.762551406815439,0.1581438821698941,0.0095638930797576,0.0002819665941941,
45.80000000016662,0.7741688271790371,0.1268189050704172,0.0095638930797576,0.0002906354243865,
45.90000000016698,0.7622476391562764,-0.0433672436590633,0.0095638930797576,0.0002668705436321,
46.00000000016735,0.7279036500110659,-0.2402874798908877,0.0095638930797576,0.0002434213446497,
46.10000000016771,0.6824046261933259,-0.3792991568352902,0.0095638930797576,0.0002139958837165,
46.20000000016808,0.6348309353044668,-0.4418487734149979,0.0095638930797576,0.0001852450971158,
46.30000000016844,0.6007685755858313,-0.3741664249400772,0.0095638930797576,0.0001659359990881,
46.4000000001688,0.5744589829643889,-0.2875447377972748,0.0095638930797576,0.0001518010961574,
46.500000000169166,0.5574702262257868,-0.2088064327094923,0.0095638930797576,0.0001509637436094,
46.60000000016953,0.5453952604644919,-0.1509147408184648,0.0095638930797576,0.0001521030926196,
46.70000000016989,0.5323216584971764,-0.1385115475737335,0.0095638930797576,0.0001449077761939,
46.80000000017026,0.5173664783290336,-0.1438871873506959,0.0095638930797576,0.0001368800606129,
46.90000000017062,0.5019322090315332,-0.1458541186547626,0.0095638930797576,0.0001288350246551,
47.000000000170985,0.4860809965653631,-0.1558628709485066,0.0095638930797576,0.0001208262477234,
47.10000000017135,0.4724407433704988,-0.1462883091778373,0.0095638930797576,0.0001141398423701,
47.20000000017171,0.4551553686796994,-0.1607347185657842,0.0095638930797576,0.0001059405932694,
47.30000000017208,0.441164987136574,-0.1490890994543609,0.0095638930797576,9.948966951053915e-05,
47.40000000017244,0.425729268909142,-0.1509332456703911,0.0095638930797576,8.799800219625508e-05,
47.5000000001728,0.4113675749061047,-0.1500000267875398,0.0095638930797576,7.784630003001407e-05,
47.60000000017317,0.3937353548615979,-0.1655996760992553,0.0095638930797576,7.132898583433316e-05,
47.70000000017353,0.376746920624067,-0.165385033899795,0.0095638930797576,6.531504606012848e-05,
47.800000000173895,0.3638801271595792,-0.1411694561889173,0.0095638930797576,6.093066701241969e-05,
47.90000000017426,0.3492810557802696,-0.1476682105049298,0.0095638930797576,5.611696520129232e-05,
48.00000000017462,0.3341632736718274,-0.1507910039213264,0.0095638930797576,4.851910052674884e-05,
48.10000000017499,0.3177986004402883,-0.158631108398878,0.0095638930797576,4.388823856397289e-05,
48.20000000017535,0.3035014602438079,-0.1469668605848562,0.0095638930797576,4.003256603577915e-05,
48.300000000175714,0.2903986346824267,-0.1330940028148519,0.0095638930797576,3.6654557762325135e-05,
48.40000000017608,0.2750174352267236,-0.154475251789884,0.0095638930797576,3.287809969086176e-05,
48.50000000017644,0.2606499030839835,-0.142318910576755,0.0095638930797576,2.9535761419734857e-05,
48.600000000176806,0.2541565056056902,-0.0842742157860972,0.0095638930797576,2.808532424368649e-05,
48.70000000017717,0.2669481906141833,0.0594029486370222,0.0095638930797576,3.0986213955424224e-05,
48.80000000017753,0.2938127620653782,0.1985728461668966,0.0095638930797576,3.753950488272449e-05,
48.9000000001779,0.3196685375526955,0.2357047646971903,0.0095638930797576,4.444049025029695e-05,
49.00000000017826,0.3449062668732596,0.2473971344294346,0.0095638930797576,5.171795400051787e-05,
49.10000000017863,0.3661887159761002,0.2262004994831378,0.0095638930797576,5.488041666596152e-05,
49.20000000017899,0.3849081315861433,0.199917251837605,0.0095638930797576,6.064606441124209e-05,
49.30000000017935,0.4012055406202546,0.1750223860200513,0.0095638930797576,6.590275956745122e-05,
49.40000000017972,0.4115409992277068,0.1224317035994086,0.0095638930797576,6.935533298626236e-05,
49.50000000018008,0.4180675664505179,0.0828710505729763,0.0095638930797576,7.158669395982189e-05,
49.60000000018045,0.4165661470023143,0.018864199440442,0.0095638930797576,7.108810834099794e-05,
49.70000000018081,0.4071066629901164,-0.0611494403484886,0.0095638930797576,6.791079759081145e-05,
49.80000000018117,0.3895454078464513,-0.134782275834818,0.0095638930797576,6.219219128858698e-05,
49.900000000181535,0.3668053578365701,-0.19225664371601,0.0095638930797576,5.515560262555894e-05,
50.0000000001819,0.3413937997888601,-0.2272088138413466,0.0095638930797576,4.764591105321749e-05,
50.10000000018226,0.3360079311135203,-0.1030760077604733,0.0095638930797576,2.550014280342201e-05,
50.20000000018263,0.356367225271817,0.1013354497915342,0.0095638930797576,-9.9576294224466e-05,
50.30000000018299,0.3979027498855444,0.3003117739713679,0.0095638930797576,-0.0004466616235182,
50.40000000018336,0.4417855077266479,0.3838544313212608,0.0095638930797576,-0.001220591625537,
50.50000000018372,0.4804784275726869,0.3752988469037256,0.0095638930797576,-0.0024225578901996,
50.60000000018408,0.5111554116893534,0.3307639921568268,0.0095638930797576,-0.0037515517133614,
50.700000000184446,0.5409892130395041,0.3127426169687713,0.0095638930797576,-0.0052514446623275,
50.80000000018481,0.5757188623717531,0.3407624694844572,0.0095638930797576,-0.0073481590271893,
50.90000000018517,0.6068203915329391,0.3158731127959153,0.0095638930797576,-0.0100949759223064,
51.00000000018554,0.6441384510673519,0.3589367545722032,0.0095638930797576,-0.0138973513518495,
51.1000000001859,0.700056576226379,0.4997239475676615,0.0095638930797576,-0.0192874843567291,
51.200000000186265,0.7790573005777479,0.6934942751895161,0.0095638930797576,-0.0266069192589861,
51.30000000018663,0.8798279107996003,0.9011653484694806,0.0095638930797576,-0.0354858344586766,
51.40000000018699,0.997963724164288,1.0741370633390437,0.0095638930797576,-0.0487457955105307,
51.50000000018736,1.122111395864729,1.176589323447868,0.0095638930797576,-0.0676246025815306,
51.60000000018772,1.2510005909493571,1.2482647364757196,0.0095638930797576,-0.0932601187056458,
51.70000000018808,1.382103424014885,1.2920123764230662,0.0095638930797576,-0.1252968372708943,
51.80000000018845,1.527095966129725,1.3930306770059115,0.0095638930797576,-0.1649752902536265,
51.90000000018881,1.6786365125166487,1.4689243360964463,0.0095638930797576,-0.2099519653373016,
52.000000000189175,1.8404807040882465,1.5685907306862044,0.0095638930797576,-0.2614095476824478,
52.10000000018954,2.010802703351827,1.6509099581753253,0.0095638930797576,-0.3217895432264306,
52.2000000001899,2.178241523937811,1.6512154160300223,0.0095638930797576,-0.3904888720805302,
52.300000000190266,2.343670091593875,1.6413333878780505,0.0095638930797576,-0.4705090963236275,
52.40000000019063,2.49827906651786,1.5761988788388497,0.0095638930797576,-0.5598938981441113,
52.500000000190994,2.644863233750716,1.495287608802331,0.0095638930797576,-0.6528127168474128,
52.60000000019136,2.776118510466899,1.3819821349831969,0.0095638930797576,-0.7385995685207922,
52.70000000019172,2.9103607840017385,1.3559849107240145,0.0095638930797576,-0.8205077630825832,
52.800000000192085,3.0356322806116114,1.285167181353552,0.0095638930797576,-0.8933638189466971,
52.90000000019245,3.1495764990818524,1.175067830427905,0.0095638930797576,-0.9607439048425974,
53.00000000019281,3.232405940411049,0.9454451943174036,0.0095638930797576,-1.0111942347304796,
53.10000000019318,3.326032553986085,0.932816659102088,0.0095638930797576,-1.0697054292629309,
53.20000000019354,3.4545741016624434,1.17445852282619,0.0095638930797576,-1.152879857668126,
53.300000000193904,3.5851185711012743,1.2712157110177829,0.0095638930797576,-1.2397544272775376,
53.40000000019427,3.691198051976896,1.1248717415870602,0.0095638930797576,-1.3127921952680657,
53.50000000019463,3.797463014911594,1.099623881521232,0.0095638930797576,-1.387170689934306,
53.600000000195,3.915808618819887,1.141922745671413,0.0095638930797576,-1.4684258645639698,
53.70000000019536,4.02507610171318,1.1136019678770035,0.0095638930797576,-1.5369611041871123,
53.80000000019572,4.1225707055901255,1.01674534342841,0.0095638930797576,-1.593155934015534,
53.90000000019609,4.232842142820762,1.073042686434338,0.0095638930797576,-1.667574234228684,
54.00000000019645,4.355052571608405,1.151998761281819,0.0095638930797576,-1.7627012876651271,
54.100000000196815,4.462221186303434,1.087732664519285,0.0095638930797576,-1.8475841519276512,
54.20000000019718,4.555410253364539,0.9915009291468776,0.0095638930797576,-1.916478093446069,
54.30000000019754,4.663775871116995,1.069840695490666,0.0095638930797576,-1.977091167554408,
54.40000000019791,4.802072558220195,1.2690554931457416,0.0095638930797576,-2.0342292547846683,
54.50000000019827,4.910736596013021,1.1315725887161174,0.0095638930797576,-2.051641422270989,
54.60000000019864,5.013749665921434,1.0680954040495507,0.0095638930797576,-2.0636924154687595,
54.700000000199,5.133249015537678,1.1530999686994208,0.0095638930797576,-2.091453789775898,
54.80000000019936,5.25364121229877,1.1628143391015,0.0095638930797576,-2.1252577264300587,
54.900000000199725,5.352441143420879,1.0248850355787509,0.0095638930797576,-2.1282212118971287,
55.00000000020009,5.44246886044691,0.9564741388475512,0.0095638930797576,-2.0943673719950566,
55.10000000020045,5.537029630552064,0.950414168431258,0.0095638930797576,-2.028667591332656,
55.200000000200816,5.640180510477699,1.0189348820743114,0.0095638930797576,-1.9420012798523407,
55.30000000020118,5.724465668114971,0.8646375176007578,0.0095638930797576,-1.8668345550430143,
55.40000000020154,5.811963429423327,0.8740771332081935,0.0095638930797576,-1.8207355141997832,
55.50000000020191,5.907417599785013,0.9125492245328116,0.0095638930797576,-1.8082322665301809,
55.60000000020227,5.986141601828936,0.8165866087886416,0.0095638930797576,-1.802655862186816,
55.70000000020264,6.080248865261074,0.9067828747578344,0.0095638930797576,-1.8150446637972413,
55.800000000203,6.162893313414313,0.848787982902865,0.0095638930797576,-1.7850334710953146,
55.90000000020336,6.236307594016508,0.7840007461615338,0.0095638930797576,-1.7004143114404768,
56.00000000020373,6.3041983699521085,0.7376961164582608,0.0095638930797576,-1.5966861809920776,
56.10000000020409,6.3651654873473005,0.6670702962925824,0.0095638930797576,-1.52562595672807,
56.20000000020445,6.413659669677531,0.543781375205021,0.0095638930797576,-1.4817150015371343,
56.30000000020482,6.435805470843532,0.292744898886257,0.0097406844221799,-1.408691758265284,
56.40000000020518,6.4428195447591365,0.1300461156971906,0.0105050147543293,-1.3108363623591677,
56.500000000205546,6.474670258666547,0.2444816855510379,0.0112693450864788,-1.2199609480116227,
56.60000000020591,6.494103486382652,0.168990050879203,0.0118717728194435,-1.1081435554410792,
56.70000000020627,6.544595850253391,0.4344375195812354,0.0124129448113891,-0.9824920356710688,
56.80000000020664,6.612103723067786,0.5548673178449264,0.0128645251804298,-0.819509342485799,
56.900000000207,6.6738159538316655,0.5580859697097106,0.0129743492776345,-0.6719084252743959,
57.000000000207365,6.697819300479326,0.3534747705502052,0.0130841733748391,-0.597325684295362,
57.10000000020773,6.743654046827222,0.4408094129516211,0.0135323477980635,-0.5816608251555093,
57.20000000020809,6.832290423467608,0.771401119492569,0.0141016075915467,-0.5961224811729596,
57.300000000208456,6.90072633445609,0.7511837171697102,0.0146337442661123,-0.6010827464373674,
57.40000000020882,6.949996177098351,0.5911773812300669,0.0150481457568264,-0.5914950059097204,
57.500000000209184,7.023497636097441,0.6640524467532687,0.0154625472475406,-0.5319677276925566,
57.60000000020955,7.086575733682353,0.6567515236010523,0.0155359521736375,-0.423621518326325,
57.70000000020991,7.156557068884192,0.684194308061721,0.0154835540360617,-0.311457976147545,
57.80000000021028,7.205682151389275,0.5254867041608088,0.0156571747723536,-0.122958114667826,
57.90000000021064,7.281890140973036,0.7087475883747544,0.0165552061672774,0.0701540331298126,
58.000000000211,7.351617660422075,0.6899188479287268,0.0174532375622013,0.2018529658564115,
58.10000000021137,7.427783096366435,0.7367855717638546,0.0180280324476275,0.2771499076336131,
58.20000000021173,7.514365486555344,0.7875434369637782,0.0184836698474356,0.294128449926028,
58.300000000212094,7.551641008839034,0.5458946068534263,0.0187894778678556,0.2949319458401539,
58.40000000021246,7.588777007675507,0.4164947874885318,0.0185358432268202,0.2991031160790391,
58.50000000021282,7.634882471179381,0.4518463145557921,0.0182822085857848,0.2954431139100956,
58.60000000021319,7.679902090071154,0.4639235746048079,0.017658508009813,0.2940472010275844,
58.70000000021355,7.735682181118764,0.5174014991932087,0.0168974163357313,0.2857117494609568,
58.80000000021391,7.801361962053252,0.6084480630590327,0.0158410546547566,0.289016541188946,
58.90000000021428,7.850608257019449,0.5316639558353631,0.0136526740212775,0.2905825523576882,
59.00000000021464,7.914552167478402,0.5933001443266203,0.0114642933877985,0.2636140314066947,
59.100000000215005,7.961387361571307,0.4876549820031213,0.0100006927957798,0.1890028226425716,
59.20000000021537,8.043506187892973,0.7289008046588051,0.0088064268213149,0.1277247527783765,
59.30000000021573,8.127611785741253,0.7754458526241985,0.0077656660448051,0.0976160841080193,
59.400000000216096,8.186093275963742,0.6326519452018433,0.0072682760355291,0.0783356769490453,
59.50000000021646,8.253363225806128,0.6492607035047797,0.0067708860262532,0.0717652620018763,
59.60000000021682,8.328300767178181,0.7088624100024588,0.0072827747891101,0.0666243043755323,
59.70000000021719,8.388065636741391,0.6508302807435931,0.0081611374732015,0.0592892870007112,
59.80000000021755,8.447570827702531,0.6413221908544051,0.0090395001572929,0.0551734241458575,
