t,vEgo,aEgo,roll,targetLateralAcceleration,steerCommand
0.0,26.41888236999512,0.0532469674944877,0.0167023613673951,-0.0221368873132091,0.0943837212550665
0.0999999999985448,26.419974317631148,0.0338103583808848,0.0157150612122779,-0.0314504057647847,0.0903157416748553
0.1999999999970896,26.426985657970658,0.0759768265248393,0.0147277610571606,-0.034384427347715,0.08604333745757256
0.2999999999956344,26.431703731113327,0.070611050518681,0.0137404609020434,-0.0369728836010067,0.08262006922028942
0.3999999999941792,26.430129958270022,-0.010318047001679,0.0127531607469262,-0.0409583940082138,0.08827040863750228
0.499999999992724,26.451774324216917,0.1342746364728622,0.0124036721867452,-0.0538500178122057,0.08809012167596486
0.5999999999912689,26.44763298131162,0.0528411087865356,0.0120742404627612,-0.0567693058083655,0.08979352046950709
0.6999999999898137,26.443405668253565,-0.0084517929042853,0.0124430063097462,-0.0559753332649293,0.09389199593210625
0.7999999999883585,26.444580472311724,-0.0165576656893133,0.0136332136076309,-0.0511288174729734,0.09291681237773844
0.8999999999869033,26.45329307741012,0.0600488837924475,0.0148234209055157,-0.0378566263653035,0.09290943801553599
0.999999999985448,26.44271529670939,-0.0368869168246871,0.015201682892527,-0.0341015463868658,0.09329614750467545
1.099999999983993,26.440244952042733,-0.0291476134012501,0.0155463681419754,-0.0313569953807292,0.09501025095252198
1.1999999999825377,26.44590281112594,0.0268435993337741,0.0159938926492668,-0.0298399336075537,0.10743682357395748
1.2999999999810825,26.447860512565857,0.0180988902087691,0.0165596312735467,-0.0450131733466949,0.10338284940650437
1.399999999979627,26.456886454064605,0.0541731925599162,0.0171253698978267,-0.0327332571314287,0.10926210300218464
1.499999999978172,26.4525743621434,-0.0080544982070345,0.0178828620688145,-0.0350967530668156,0.10433662426437436
1.599999999976717,26.45174230232556,-0.0082263147277072,0.0186481563782151,-0.0193701620770975,0.1065342920534281
1.6999999999752615,26.46092976351691,0.047500422849191,0.0192356764547504,-0.0173058167608953,0.10738216569007479
1.7999999999738066,26.46230228065385,0.0085056210088649,0.0196181317657337,-0.0149743304689185,0.10959637278319606
1.8999999999723516,26.463557562874374,0.0625633873418925,0.0200005870767169,-0.014923303382452,0.10901270697009226
1.999999999970896,26.45788504647805,-0.0089576467341818,0.0198593912396629,-0.0153134165707752,0.1033355639107246
2.099999999969441,26.45602502647099,-0.0029256362835042,0.0196987532093605,-0.0074108459557557,0.10495192180775494
2.199999999967986,26.45066248972224,-0.0034323031538851,0.0196234334562219,-0.0108269431181268,0.10749252392605906
2.2999999999665306,26.448516244601308,-0.0281699537259777,0.0196484149063958,-0.0148124423183114,0.10350161868063674
2.3999999999650754,26.451338634951043,-0.0407926496291815,0.0196733963565697,-0.0079204500176583,0.08962666654246458
2.49999999996362,26.469526176221603,0.1151924594952164,0.0199640255594214,0.017996481398896,0.09180654238549601
2.599999999962165,26.4577014866938,-0.0389370909756258,0.0202656006111818,0.017358794091149,0.09143667182914103
2.69999999996071,26.44951530112861,-0.0558815663341672,0.0202408671288476,0.0177570005325685,0.08607967432293588
2.799999999959254,26.45068359231291,-0.0042095439256427,0.0198240394192197,0.0225841359231056,0.07590145329374932
2.8999999999577994,26.43808105386731,-0.0843252680016678,0.0194072117095919,0.0354604592231312,0.07733180378102246
2.9999999999563443,26.447438242179555,0.011977350272826,0.0190609343115987,0.0296621778667776,0.07767466511121907
3.099999999954889,26.445592855839116,-0.0034906990787475,0.0187180405108018,0.0257335347276406,0.07747635432279201
3.199999999953434,26.45064002706153,0.0116931733506533,0.0183216766932742,0.0221627581919873,0.07655151002079916
3.2999999999519787,26.4464975182828,-0.0217041753550878,0.0178631227854217,0.0192135996084409,0.07751946683618965
3.3999999999505235,26.43406297626129,-0.0684737167989437,0.0174045688775693,0.013138050487188,0.07964686172272642
3.4999999999490683,26.43603543188956,-0.0254441855611276,0.0172890287507644,0.0084623056250041,0.07906013481969444
3.599999999947613,26.44667480040413,0.0788484531136486,0.0171847816395232,0.0083877202406769,0.08397250268364598
3.699999999946158,26.45132989551333,0.0722996512906488,0.0169321872854485,-0.0022749814117324,0.07665513075606534
3.799999999944703,26.446872994421344,0.0162060310335385,0.0165085221080832,0.0057536753406838,0.07338465194986131
3.899999999943248,26.442109429586637,-0.0013469077603179,0.016084856930718,0.0070472082070589,0.07523581792805926
3.999999999941792,26.43609053649154,-0.0568177553091686,0.0166051948511105,0.0090886432347768,0.07672235499724016
4.099999999940337,26.443021933118665,0.0008852521127355,0.0171619193872564,0.0120605534674919,0.07619886885004004
4.199999999938882,26.448339878543084,0.0559981126735788,0.0173130927597043,0.0144003873864765,0.07377863023990293
4.299999999937427,26.438378642547093,-0.046887349411126,0.0169919291339012,0.015298546271399,0.07172263737176394
4.399999999935972,26.439478740724937,-0.0076253830714648,0.0166707655080981,0.0155629027543477,0.07245450379788555
4.499999999934516,26.423067198777304,-0.094512877170704,0.0168669199613137,0.0163097656112051,0.07891948237894626
4.599999999933061,26.41896870547652,-0.0643592434318522,0.0170845744708174,0.007710896302426,0.07285399180098096
4.699999999931606,26.432733485948457,0.0844303789571614,0.0173352292156045,0.0202162353330003,0.07764611992769767
4.799999999930151,26.41649767485973,-0.0669024832826724,0.0176237396991817,0.0151222016070407,0.07980173883868165
4.899999999928696,26.42655999706737,0.0145514353907512,0.0179122501827588,0.0143425511070969,0.07887914497971431
4.99999999992724,26.419910936647558,-0.0118112931673286,0.0177522307749355,0.0143242111259044,0.0777826845404318
5.099999999925785,26.406990639918355,-0.1337319779355366,0.0175790702524483,0.0144814808410017,0.07674655346268618
5.19999999992433,26.409974757989584,-0.0479758686807822,0.0173707559677462,0.0141523481225416,0.07690476163370988
5.299999999922875,26.39787084054822,-0.0745161108775335,0.0171202674530381,0.0114632324877762,0.07703481792088142
5.39999999992142,26.40369194713652,0.0295099433141835,0.0168697789383301,0.0087754438568727,0.07424273467053208
5.4999999999199645,26.41409323163769,0.0890235810300094,0.016451028000448,0.0092810629064867,0.07985555209937377
5.599999999918509,26.42108912981218,0.0751433896695159,0.0160268517703124,-0.0042256023036687,0.07975766863167888
5.699999999917054,26.40904679439697,-0.0476358716110566,0.0154275386952492,-0.0099097206414421,0.07818774170216222
5.799999999915599,26.412094033153032,0.003358750657467,0.0146230786301693,-0.0151992899614744,0.07600860535297173
5.899999999914144,26.40560771514869,-0.0640535607542391,0.0138186185650893,-0.0194527395840634,0.07350513547945096
5.9999999999126885,26.40990939157109,-0.0122432850659704,0.0133253971573788,-0.0201423900187802,0.07179662224111502
6.099999999911233,26.40752117653611,-0.0153842740726055,0.0128471168474634,-0.0219902982427617,0.07227812231562547
6.199999999909778,26.393305546262862,-0.0936227847951075,0.0126463415165921,-0.0247255979741049,0.0729936778110076
6.299999999908323,26.402253087962038,0.0331005352113675,0.0127662103650227,-0.0247595080749367,0.0677115509440804
6.399999999906868,26.40335279032169,0.0244140893428567,0.0128860792134532,-0.0148151225436059,0.0678127660512915
6.4999999999054126,26.406748170869324,0.0288956791385336,0.012690070143644,-0.0169134403429597,0.06764202842454403
6.599999999903957,26.414739197144424,0.0430362182058326,0.0124801508952146,-0.0187069213198917,0.06853505881451982
6.699999999902502,26.411897975127868,-0.0013681062756545,0.0126799273222734,-0.018223838934466,0.07232269887969084
6.799999999901047,26.40709362310415,-0.055384276630833,0.0133678335893351,-0.0177552540890682,0.07390410337595549
6.899999999899592,26.402546459421146,-0.0502767970261246,0.0140557398563969,-0.0136232310006156,0.07420503853428555
6.999999999898137,26.39148451646412,-0.0983705157969053,0.0148738914346804,-0.0060707980469665,0.06999232066742518
7.099999999896681,26.39963411809625,0.0023915110737417,0.0156963458146619,0.0089724815141445,0.07428641504563903
7.199999999895226,26.39199505524621,-0.0159270596195696,0.016566436778785,0.0103946268735939,0.07640732710237545
7.299999999893771,26.39711052497245,-0.0007011151532911,0.0174896860956564,0.0159149623782408,0.07731943960175074
7.399999999892316,26.40810374218006,0.0730993830747324,0.0184129354125278,0.0234272981756135,0.07737072990023482
7.499999999890861,26.399307258364576,-0.0094373667009661,0.0189734435932601,0.0288621424070913,0.07984352809101608
7.599999999889405,26.391939245839133,-0.0693470122968408,0.0195217100299701,0.0301502970172169,0.08039487125295373
7.69999999988795,26.38331277572637,-0.0763840296936705,0.0195933786827648,0.0299600216906185,0.08006975664962457
7.799999999886495,26.376816879599915,-0.0775079368040222,0.0191047385922612,0.0257246298191574,0.07258510022032409
7.89999999988504,26.370915239572653,-0.0682130506009266,0.0186160985017575,0.033374324151202,0.0715904235464465
7.999999999883585,26.372950420365072,-0.010879099894473,0.0181323948114292,0.0302760567935128,0.0711012036142135
8.09999999988213,26.365707486370358,-0.0565358680458096,0.0176488717583085,0.0263623748143414,0.06997261860835279
8.199999999880674,26.36654580198481,-0.0153035916848255,0.0173004769106142,0.024815894112435,0.06980957361545709
8.299999999879219,26.37296654827292,0.0430715602836559,0.0171083524427738,0.0231871919063874,0.06887380386717015
8.399999999877764,26.365342366620425,-0.0320000318651846,0.0169162279749334,0.0228728497222105,0.058689023357511395
8.499999999876309,26.37290280132666,0.0465422240876041,0.0159544707079559,0.0303156882608458,0.05610469643220582
8.599999999874854,26.37356437685362,0.0411120837206962,0.0149613095745489,0.0248574458831095,0.05475800588615912
8.699999999873398,26.36720607423093,-0.0518790268522632,0.0142155892463604,0.019786685308387,0.055953056258126
8.799999999871943,26.376789495406417,0.0471048403278029,0.0137547870713832,0.013268133800671,0.05450863815632418
8.899999999870488,26.357997533728994,-0.1027284349632067,0.0132939848964059,0.0111764523418618,0.058671595123913
8.999999999869033,26.361156683259885,-0.0221327571971527,0.0134115431282534,0.0054238599352131,0.05938877427224097
9.099999999867578,26.35420987456604,-0.0482294073119007,0.0135565929113167,0.0056713484102903,0.05794568731669678
9.199999999866122,26.362244212530765,0.0377234197776187,0.0136163452311036,0.0086340304730219,0.05734249317205037
9.299999999864667,26.370356355456845,0.0550360845580307,0.0135775074430453,0.0092376267439159,0.05812275769261717
9.399999999863212,26.37711018430764,0.0768795235326278,0.0135386696549869,0.0075501202797655,0.05913936058566506
9.499999999861757,26.36684711128773,-0.0461124882264393,0.0136565019091419,0.0070401665131852,0.059819081554008384
9.599999999860302,26.36537846385257,-0.038023696590958,0.0137803005627037,0.0071304361748747,0.05978154330275719
9.699999999858846,26.35387867663824,-0.0811200749365878,0.0141839512346067,0.0111747436664647,0.06244536256375055
9.799999999857391,26.34404405570412,-0.097088734782942,0.0149047775782803,0.0138495764993686,0.06473583918070097
9.899999999855936,26.351676194488057,0.0096769112449193,0.0156256039219539,0.0171068089481147,0.06864682634870026
9.99999999985448,26.35166713115318,-0.0059407986498971,0.0167463352113542,0.0216139507897628,
10.099999999853026,26.35412590353333,0.0067010133814869,0.0178754915663104,0.0233120635185188,
10.19999999985157,26.35686955926067,0.0215035714231374,0.0192001055082173,0.0283960429190233,
10.299999999850115,26.35301936522944,0.0107008944940491,0.0207576515202915,0.0339344211814454,
10.39999999984866,26.35221362974505,-0.0012554206134073,0.0223151975323656,0.0309631372393853,
10.499999999847203,26.36649751183231,0.0961330745803429,0.0223745843589286,0.0362741369206036,
10.59999999984575,26.3577833613188,-0.0299809546488005,0.0223537646673611,0.0290605573930543,
10.699999999844296,26.36217660931699,0.0251348468147808,0.0219719618319846,0.006489574627312,
10.79999999984284,26.33936652073276,-0.1547940529394895,0.0211766123721991,0.0009115427932502,
10.899999999841384,26.347333208359,-0.05755142794681,0.0203812629124136,-0.0023151868866133,
10.999999999839927,26.333729450018318,-0.1163352870186252,0.0203840122396629,-0.0039617641324754,
11.099999999838474,26.34772654846894,0.0571522019589317,0.0204155359954322,-0.013167093595308,
11.19999999983702,26.34274160938488,-0.0046712064213407,0.0203782837943949,-0.039592471744314,
11.299999999835563,26.354053305745506,0.0995722295601601,0.020260495791162,-0.0298430827221475,
11.399999999834108,26.33883658538912,-0.0509305373781265,0.0201427077879291,-0.0313686082753483,
11.499999999832651,26.333711862809334,-0.0563008131268017,0.0192951739217033,-0.0353949136085772,
11.599999999831198,26.338589937371395,0.0212028040683605,0.0184225134289173,-0.0412978528569319,
11.699999999829744,26.33976154836629,0.0270907629240665,0.0180067668620127,-0.0616520206904736,
11.799999999828287,26.329044343085343,-0.0763524309148517,0.0181277863258888,-0.0615778647919881,
11.899999999826832,26.33044788677492,-0.0016062438287581,0.0182488057897649,-0.0496602971798353,
11.999999999825375,26.319358763000064,-0.0439201578938655,0.0191590216779778,-0.0457899019237608,
12.099999999823922,26.28472257039757,-0.2201754566391863,0.0200986705106271,-0.0322387043345242,
12.199999999822468,26.30451221935764,0.0152786117880321,0.0204165280423221,-0.0283434555798142,
12.299999999821011,26.300632322003263,-0.0306902768590941,0.0200000880396584,-0.0294917874314716,
12.399999999819556,26.313849098856373,0.0526190626473868,0.0195836480369947,-0.0331054249867208,
12.4999999998181,26.3052265207416,0.0014792458818227,0.0190312594271231,-0.0307496458640396,
12.599999999816646,26.30044708931789,-0.0189703600383009,0.0184730477629083,-0.0344040823329054,
12.69999999981519,26.308647498826318,0.0506579175028652,0.0183024090945147,-0.0344518868891199,
12.799999999813735,26.291790873224787,-0.0974957394008107,0.0185777363792844,-0.031574694153049,
12.89999999981228,26.29598421791965,-0.0292059106975769,0.0188530636640541,-0.0270558477137599,
12.999999999810823,26.301162276304723,0.0134397211095583,0.0185081998104534,-0.0256374886220039,
13.09999999980937,26.30452890282998,0.0215599893701884,0.0181413282840089,-0.0247411397374793,
13.199999999807916,26.31344633567608,0.0644360153858776,0.0176767878804537,-0.0267580891120929,
13.29999999980646,26.314783305244568,0.0354078547362281,0.0171001244215427,-0.0187188067013185,
13.399999999805004,26.300570466196,-0.0579492965073485,0.0165234609626316,-0.0177778857692468,
13.49999999980355,26.31036217718644,0.0434201641957351,0.0162996926608368,-0.0152593924805991,
13.599999999802094,26.31151223930635,0.0379864237201427,0.0160934987458716,-0.0139684161279966,
13.69999999980064,26.311233328480643,-0.0091698021973034,0.0157736364295169,-0.0143461365363623,
13.799999999799184,26.317535856576747,0.0632247287057298,0.0153236048973785,-0.0147099773121545,
13.899999999797728,26.31793871689395,0.0453244085883685,0.0148735733652401,-0.0177899375062756,
13.999999999796271,26.30898465994133,-0.0394902676546219,0.0149718908889418,-0.017851821543356,
14.099999999794818,26.312372945721787,-0.0100703252757986,0.0150906214148777,-0.0147588992331612,
14.199999999793365,26.318028450867672,0.0178084109404324,0.0152892493047993,-0.0211030467165538,
14.299999999791908,26.31393954054586,-0.0323474113088935,0.0155871264100596,-0.0175578597082446,
14.399999999790452,26.3201518828976,0.0368666184749708,0.0158850035153199,-0.0123317178650483,
14.499999999788995,26.31467202794785,0.000917950764499,0.0150194937212507,-0.0105890852809246,
14.599999999787542,26.322299119161617,0.0256173130459562,0.0141054635820599,-0.0129018288206906,
14.699999999786089,26.32965441372485,0.0711611342343227,0.0130367842204214,-0.0193550787358755,
14.799999999784632,26.32415431584345,-0.005814815699939,0.011786768720924,-0.0188198081946836,
14.899999999783176,26.328562473551276,-0.0030876139566134,0.0105367532214267,-0.0222939610145802,
14.99999999978172,26.341468247196413,0.0759425191694017,0.0100627352468078,-0.0229816684962278,
15.099999999780266,26.3389839140292,-0.0087741443368614,0.0096194719842165,-0.0231853226282612,
15.199999999778813,26.354648298320797,0.0999152166378404,0.0092122881789931,-0.0265756667344453,
15.299999999777356,26.34928255026461,0.007524102663616,0.0088463746863602,-0.0298018081472899,
15.3999999997759,26.34727265976504,-0.0126491557025114,0.0084804611937273,-0.0301500487734295,
15.499999999774444,26.35665262678808,0.0670738097402083,0.0084037262345348,-0.0294870198204893,
15.59999999977299,26.36118104172329,0.0742048211068823,0.0083360483884006,-0.0291022839995354,
15.699999999771537,26.358795193624942,0.0259435241625989,0.008457461864259,-0.0261941117479088,
15.79999999977008,26.360376612524917,0.019493477049886,0.0087987452852214,0.0037403162232374,
15.899999999768625,26.36036502579685,0.0026335857183619,0.0091400287061838,0.0046006451607989,
15.99999999976717,26.361536899904745,-0.0191091014978051,0.0087004449137946,0.0037503951071979,
16.099999999765714,26.37179439378248,0.0490845056308894,0.0082361793898332,0.000789507386784,
16.19999999976426,26.365095651849355,-0.0143907812390613,0.0080120554806063,-0.0020956618871618,
16.299999999762804,26.36127305409772,-0.0398086313912037,0.0080643061597159,0.0150689612230941,
16.39999999976135,26.373474511401668,0.0692176682068014,0.0081165568388254,0.0144847560647234,
16.499999999759893,26.359475812385806,-0.0620014221472986,0.0085479486979855,0.0323592444584644,
16.599999999758438,26.36042773223912,-0.0089716230911401,0.0089931122892553,0.03161328789569,
16.699999999756983,26.36353503621929,0.0108070602015154,0.0092724563731791,0.0388270945529654,
16.799999999755528,26.3719060498266,0.0692698776117723,0.0093591169707008,0.0744984594101466,
16.899999999754073,26.381750356946405,0.0844008406061465,0.0094457775682225,0.0719844668604456,
16.999999999752617,26.37767438118008,-0.0028516934948044,0.0092113896206372,0.0700223257465661,
17.099999999751162,26.36827448771517,-0.0733255280079286,0.0089645150805912,0.0845468120654615,
17.199999999749707,26.36792564828453,-0.0210463025455513,0.0086702225784518,0.0859693075665062,
17.299999999748252,26.35753319945079,-0.0519339252570459,0.008319540324409,0.0987167448793628,
17.399999999746797,26.36143943692453,0.0026271066318836,0.0079688580703662,0.1601934650635094,
17.49999999974534,26.371813872680395,0.0831120565230743,0.0079295848205509,0.1669224211733794,
17.599999999743886,26.36655487183845,0.0016401737960754,0.0078985607997836,0.1689968602390035,
17.69999999974243,26.3801272074812,0.0960446367696849,0.0077826301513894,0.1682962286253224,
17.799999999740976,26.38230330187235,0.0526706227257005,0.0075672344875529,0.1666500397897349,
17.89999999973952,26.375960614385413,-0.0238956987097636,0.0073518388237163,0.1652405735426675,
17.999999999738066,26.375926971435547,-0.0151822679981795,0.0074951356005295,0.165027628838941,
18.09999999973661,26.37498396882602,-0.0148532341930113,0.0076530452505769,0.1637359135694419,
18.199999999735155,26.373014432362236,-0.0280962870051833,0.0077230294411224,0.1628654419479778,
18.2999999997337,26.379890473740115,0.0200341323434626,0.0076925682703185,0.1641383839660846,
18.399999999732245,26.3769925717653,-0.0150564724250918,0.0076621070995146,0.1637747647803532,
18.49999999973079,26.37575435121768,-0.0004296649945263,0.0076587046641545,0.1613185565621783,
18.59999999972933,26.38789639036945,0.0752026927963579,0.007656785143409,0.1414919063622954,
18.69999999972788,26.37893122454938,-0.0086842664894892,0.0082896237843355,0.1240013748987515,
18.799999999726424,26.39440775002165,0.0960832612186539,0.009665387462051,0.1296501180733086,
18.89999999972497,26.382492544627365,-0.0428815960337015,0.0110411511397666,0.1392272449998997,
18.999999999723517,26.381694660588877,-0.0574709930038624,0.0122579691601561,0.1481386018651302,
19.09999999972206,26.37830156375498,-0.0340780087503423,0.0134692677430173,0.1270151836749256,
19.199999999720603,26.366366373813072,-0.0822196687857372,0.0149947047358742,0.1344671471463273,
19.299999999719148,26.368710352464948,-0.02188766153635,0.0168737790928295,0.1435756425192659,
19.399999999717693,26.379152996887576,0.054145158705044,0.0187528534497847,0.1546773706999325,
19.49999999971624,26.386558284199392,0.0711724783914179,0.0200456182909522,0.1475393252533175,
19.599999999714782,26.395090896689016,0.0935025700602519,0.0213123344793822,0.1287877549633404,
19.699999999713327,26.404901662438004,0.1089696455470739,0.0221714760404599,0.1352979761405328,
19.799999999711872,26.403108727645268,0.0190304446142345,0.0225552102445825,0.1198600117572988,
19.899999999710417,26.41152450926706,0.0393870713840712,0.0229389444487052,0.0746766288450023,
19.99999999970896,26.413562209736902,0.0123523280049288,0.023620796226063,0.0778400838625132,
20.099999999707507,26.398577961197613,-0.110842820299965,0.0243132205418728,0.0784080147961749,
20.19999999970605,26.39993512045396,-0.0301176401079151,0.0249350941797892,0.0902577742002835,
20.2999999997046,26.38887817926805,-0.0686466798735804,0.025474828592098,0.1027471566718094,
20.39999999970314,26.389861586699315,-0.0377507649354915,0.0260145630044068,0.1142218127483826,
20.49999999970169,26.40263861753265,0.0833021477103491,0.0274384922788744,0.123054547481144,
20.59999999970023,26.40271118094523,0.0198738663178028,0.0289005930418452,0.1550739214559292,
20.699999999698772,26.414429179732156,0.0655112014898091,0.0299226361263939,0.1622491244162508,
20.79999999969732,26.4178742487927,0.0427134170860872,0.0304235398882432,0.192765747148936,
20.899999999695865,26.41094097219878,-0.0407312659684958,0.0309244436500926,0.1903442918840712,
20.99999999969441,26.412319344126495,0.0084176093854774,0.0306841460443488,0.2242249125611607,
21.099999999692955,26.40546621496921,-0.0469301202348521,0.0304267470949968,0.2473537191587345,
21.1999999996915,26.403898361769105,-0.0195911846521659,0.0303488356686166,0.2432759623161475,
21.299999999690044,26.422036831547832,0.1121625806096467,0.0304824750237658,0.2874309815763271,
21.39999999968859,26.42688712226761,0.0843184377653963,0.0306161143789151,0.3127154905426992,
21.49999999968713,26.420405777595874,-0.0160727551100354,0.0305595934732173,0.3356797998021599,
21.59999999968568,26.41721344027105,-0.0351121535481618,0.0304957231138917,0.3411058103131231,
21.699999999684223,26.39387913443036,-0.148326975650825,0.0307176576623098,0.3666580703920122,
21.79999999968277,26.397733254143905,-0.0871155355895276,0.0312642657346858,0.4251771779999855,
21.899999999681317,26.411261442392984,0.0328876186504357,0.0318108738070618,0.4555007970635572,
21.999999999679854,26.405302357350703,0.0146302722269583,0.0311675508868978,0.4559899956871159,
22.099999999678403,26.41539054545876,0.067373875950233,0.0304764538578102,0.4506973716733317,
22.199999999676947,26.409219079257152,-0.0115103440335035,0.0300693710663771,0.4474965092038937,
22.29999999967549,26.401999271174702,-0.0566974275660031,0.0299905997374873,0.4427400043237882,
22.39999999967404,26.40952306062584,0.037128953067873,0.0299118284085976,0.4399357651907951,
22.499999999672585,26.387739408118783,-0.1088864243220969,0.0313523340960314,0.4471039339915486,
22.599999999671127,26.39507041609353,-0.030652560468304,0.0328558310438182,0.4482011621226963,
22.69999999966967,26.39534445132521,0.0022547354248173,0.0335460229783324,0.4404155555012571,
22.799999999668216,26.387052954789784,-0.0624513185362914,0.0332891045913312,0.4383406079819079,
22.89999999966676,26.37694777893329,-0.0900124620564588,0.0330321862043301,0.4218176560793961,
22.999999999665302,26.372562364084665,-0.0681325003505693,0.0330430140109074,0.3984115989460826,
23.09999999966385,26.37048533393492,-0.0155666792835047,0.0330661328482126,0.3149085125160849,
23.1999999996624,26.376230616404623,0.0402784295546871,0.0336214069452804,0.3245487583853866,
23.29999999966094,26.37544260487629,0.0153519737060025,0.0347930793611319,0.295570890329603,
23.399999999659485,26.36998137640634,-0.0315756376849474,0.0359647517769834,0.1231208817250572,
23.49999999965803,26.36976460141289,-0.0371940615113991,0.0376701109070707,0.1552448312432565,
23.59999999965657,26.362634004983708,-0.0566589408777649,0.0393945521095075,0.1623537489242388,
23.69999999965512,26.363856353888583,-0.0108202722602683,0.0411602957213163,0.1708030557058573,
23.799999999653664,26.36414692147441,0.0150654282664767,0.0429765208498155,0.1705554292515365,
23.89999999965221,26.362309358055608,-0.0290399975511848,0.0447927459783147,0.1799696033222143,
23.999999999650758,26.36056389082433,-0.0294006019548844,0.0470491794654996,0.1725551491316145,
24.0999999996493,26.357557102736468,-0.0013369697949062,0.0493210298928517,0.1847679150902264,
24.199999999647844,26.35392469301961,-0.0020385558302197,0.0516974943792737,0.1961696877865134,
24.29999999964639,26.369809092643937,0.1217748986349294,0.0541960486014932,0.2041861648277067,
24.399999999644933,26.373281742397708,0.0696706254380282,0.0566946028237127,0.1949004989235603,
24.49999999964348,26.37372537446224,0.009940877952919,0.0558267139087612,0.197483425954573,
24.599999999642023,26.35230256827747,-0.136834548020871,0.0548050171914874,0.1945005828899887,
24.699999999640568,26.34448306854413,-0.1077732518596005,0.0537680161027822,0.1850024294918703,
24.799999999639116,26.318929607632647,-0.2242136099956724,0.0527136963604817,0.1817050588919856,
24.899999999637657,26.310146446979434,-0.1273110156183521,0.0516593766181811,0.1619407595161296,
24.9999999996362,26.301125416225204,-0.0883882447519385,0.0501510985235803,0.1535387093703248,
25.099999999634747,26.29153491315304,-0.0794349225100054,0.0486258922836918,0.1529161831983373,
25.19999999963329,26.2956386469743,0.0184931355449033,0.0471723391602869,0.1456065521881774,
25.29999999963184,26.296763683499904,0.0184381217452685,0.0458030007688787,0.1367466993719285,
25.39999999963038,26.289055138513653,-0.0472208128029671,0.0444336623774705,0.1257976188091076,
25.49999999962893,26.27493028016181,-0.1302532229187419,0.0435522967188571,0.1099838464756876,
25.59999999962747,26.287428525548272,0.0670946607338304,0.0426892363752262,0.1014855790302122,
25.699999999626016,26.26873720694182,-0.0779127034815969,0.0415642962600151,0.0936945447382581,
25.79999999962456,26.258758392604097,-0.0830734155941718,0.0401380746563031,0.0885998929670927,
25.899999999623105,26.258313033523777,-0.0420766875366637,0.0387118530525911,0.0717596690729073,
25.99999999962165,26.257759761603488,0.0199066446534376,0.0376642881076485,0.0654096719374767,
26.099999999620195,26.263188555958923,0.037942433876473,0.0366361090920992,0.0674179877748343,
26.19999999961874,26.256290402547467,-0.0230331227667565,0.0358704675272072,0.0606257822683496,
26.299999999617285,26.263061753090437,0.0338700936085826,0.0354066161153901,0.0547648581447011,
26.39999999961583,26.257220720045066,0.0093289383637645,0.0349427647035731,0.0512999343476933,
26.49999999961437,26.244315992217675,-0.0785551824095457,0.034724641115976,0.0483139105382956,
26.59999999961292,26.26421883203627,0.1121770216850294,0.0345173171929824,0.045578283250663,
26.699999999611464,26.259613114645614,0.0198887131352602,0.0345325137636993,0.0452097213315003,
26.79999999961001,26.272594774402343,0.0925477615964238,0.0348093103567668,0.0461001214823683,
26.899999999608557,26.27650858368844,0.0471691619007055,0.0350861069498343,0.0488050096314121,
26.9999999996071,26.28648374297273,0.0755045623581655,0.0364150001058252,0.0567536822141152,
27.099999999605643,26.282385347062554,0.0031199821185615,0.0377873589422182,0.0627687882658552,
27.199999999604188,26.28610753708389,0.0124005278856692,0.0386600224945582,0.0682930482400424,
27.299999999602733,26.28745893887683,0.0475613623997825,0.0389647386419971,0.0746014681035273,
27.39999999960128,26.29267348048429,0.0455031412052556,0.039269454789436,0.0766945411316771,
27.499999999599822,26.307577110557,0.1092942678267679,0.0383188316861772,0.046198350209699,
27.599999999598367,26.325365251759745,0.1542130882102027,0.0373250122862962,0.0210448552480989,
27.699999999596912,26.318079469021725,0.0178913146139723,0.0364646313952215,0.0158160533067235,
27.799999999595457,26.32672993676217,0.0543192876988308,0.035755286882065,0.0037236134691414,
27.899999999594,26.33081804697826,0.0054113081461932,0.0350459423689085,-0.0058179805878302,
27.999999999592543,26.34385101107471,0.1097591745351306,0.0347656785796306,-0.004919466331698,
28.09999999959109,26.338805851293863,0.0277598188183565,0.034503442336214,-0.0140389059094323,
28.19999999958964,26.345822412160203,0.0660215914925883,0.0344871883891512,-0.0110984377777809,
28.29999999958818,26.370784354129466,0.1877707846629671,0.0347547515857317,-0.0078331968329133,
28.39999999958673,26.37683342675341,0.1130384929847027,0.0350223147823121,-0.0064441109702973,
28.49999999958527,26.380595728032283,0.0651559365992072,0.0351839169208144,-0.0067327382034196,
28.59999999958381,26.39210947416209,0.1044652803856121,0.0353415932459871,-0.0065970582646886,
28.69999999958236,26.378022169110924,-0.0476809751736479,0.0354907931332793,-0.0234700614891915,
28.799999999580905,26.396435350860767,0.1350838918749376,0.0356302951006728,-0.0117396952825289,
28.89999999957945,26.40004566810446,0.0563953174934814,0.0357697970680663,-0.013464931879323,
28.999999999577994,26.41082919262901,0.0868620718488402,0.0360545561782334,-0.0096485292795285,
29.09999999957654,26.423647388563037,0.0915504206096889,0.0363442037475597,-0.0064914857536263,
29.199999999575084,26.428946041370736,0.1044393826643363,0.0364675125091225,-0.0061326843033161,
29.29999999957363,26.431589754522467,0.0693214106805212,0.0363999170272938,-0.0066123714933008,
29.399999999572174,26.43123421640005,0.059735714178073,0.0363323215454651,-0.0061949381056743,
29.49999999957072,26.43844829949645,0.0684761408524164,0.0366411297391981,-0.0055247716839749,
29.599999999569263,26.437931489662702,0.014641572417643,0.0369631943380873,-0.0030078080909464,
29.699999999567808,26.44409606509045,0.0572477219124423,0.0373126463064115,-0.000542769926187,
29.799999999566356,26.4534896587042,0.081404205046399,0.0376933625211805,0.0009483705065247,
29.899999999564898,26.463910280839148,0.0921112843188441,0.0380740787359496,0.0035273660855963,
29.999999999563443,26.48211826034605,0.1379030088242953,0.0382837921810524,0.007276965259527,
30.099999999561987,26.481733905472936,0.0678668348409222,0.0384862271360619,0.0103511060174954,
30.19999999956053,26.489089720168742,0.0843799019713019,0.0381369416137771,0.0095589550629661,
30.29999999955908,26.50064639197708,0.1362202315224688,0.0371541106273085,0.0057239848477484,
30.399999999557625,26.47707319053336,-0.0939844915487488,0.0361712796408398,0.0007671265047293,
30.499999999556167,26.48418484082959,-0.0179576690518682,0.0353656576097319,0.0017260886485258,
30.59999999955471,26.490433889706004,0.0258224776882208,0.0345676381027423,0.0054522784897823,
30.699999999553256,26.4946001295784,0.032535111819328,0.0337410416872953,0.0194525951745718,
30.7999999995518,26.496056486579626,0.0241114984676957,0.0328816940646535,0.0136620383556345,
30.899999999550342,26.484657744134115,-0.0881493701659954,0.0320223464420118,0.0093958842955304,
30.99999999954889,26.501382548109856,0.092307514424016,0.0321390758547082,0.0092913643934614,
31.099999999547435,26.503282372572457,0.0413678207479062,0.0322802420617827,0.0103243742638587,
31.19999999954598,26.507318122766076,0.0222282812415418,0.0325389393457355,0.0123927575007269,
31.299999999544525,26.504997161725107,-0.0038053743305134,0.0329332226092603,0.0123548405758502,
31.39999999954307,26.510499798435927,0.0274892074646461,0.0333275058727851,0.0119568942771792,
31.49999999954161,26.511559255572003,-0.0012927071924814,0.0340664835911276,0.0134079970309213,
31.59999999954016,26.51607477627365,0.0282771360173322,0.0348140147315286,0.0149178187848188,
31.699999999538704,26.51656447191088,0.0162952089431865,0.0354893935969968,0.0182222158075277,
31.79999999953725,26.52179293207812,0.055877438068085,0.0360846681086417,0.0290062525176841,
31.899999999535797,26.524873612972566,0.0324725303658256,0.0366799426202867,0.0405857549969125,
31.99999999953434,26.52150286891238,-0.0183833293589582,0.0365341769629529,0.0419138939313188,
32.09999999953288,26.515961760559136,-0.0411207025583888,0.0363605762026576,0.0377561418372396,
32.19999999953143,26.50712002980405,-0.0717423853768398,0.0360871551996938,0.0340311163234814,
32.29999999952997,26.50129594404132,-0.0656338740038732,0.0356986141497363,0.0306241067522782,
32.39999999952852,26.518701871974724,0.0715386148836165,0.0353100730997788,0.0466769417613336,
32.49999999952706,26.52571216632901,0.0924573429972226,0.0345969888348749,0.0432719162756305,
32.59999999952561,26.51130485506601,-0.0848686880097431,0.0338714970272535,0.046863937507715,
32.69999999952415,26.52665293067545,0.0385774922134623,0.0332539919222937,0.0551531655794009,
32.7999999995227,26.52634239468913,0.0306930701938522,0.0327575545021405,0.0613577100141074,
32.89999999952124,26.519267248477348,-0.0279220231392803,0.0322611170819872,0.0597161915046209,
32.99999999951979,26.518797039128494,-0.0197980193170796,0.0320350178204074,0.0576892198288247,
33.09999999951833,26.50941896651633,-0.0685835228439126,0.0318196909205306,0.0571071786289988,
33.19999999951688,26.504465732574538,-0.0572605707617073,0.0318509089192836,0.0600174956815562,
33.29999999951542,26.50193808280872,-0.0277791318110579,0.0321843559451708,0.0545674542603984,
33.399999999513966,26.496270512897635,-0.069910085323191,0.0325178029710581,0.0584451113683766,
33.49999999951251,26.502459298354328,0.0329116438320531,0.0320927849241586,0.0555751318647271,
33.599999999511056,26.49902757854883,-0.0019807771010663,0.0316364364932071,0.0554960804252657,
33.6999999995096,26.48736429848191,-0.0657579079734633,0.0313584821711872,0.0278424624227779,
33.799999999508145,26.477582529579887,-0.0862808385055254,0.0312884128918284,0.0100656816949645,
33.89999999950669,26.47031436508944,-0.1147860683723,0.0312183436124696,-0.0016773218261259,
33.999999999505235,26.4749989081182,-0.0208088138947873,0.0302272534744551,-0.015195384898055,
34.09999999950378,26.46999195059734,-0.0354620499247026,0.0292107371745109,-0.0191232784262768,
34.199999999502324,26.46677084475316,-0.02954350077971,0.0283272920873513,-0.0237172717408639,
34.29999999950087,26.462556833252044,-0.0268240586267753,0.0276004066535047,-0.0359424750271699,
34.399999999499414,26.456496667055557,-0.0457556313894422,0.0268735212196582,-0.0450593004034706,
34.49999999949796,26.45337772459573,-0.0396659476154694,0.0268845398053592,-0.0363123859109541,
34.599999999496504,26.448654525866964,-0.0368815881755069,0.0269217542685491,-0.0451503530452851,
34.69999999949505,26.420673108392005,-0.183581828638881,0.0268611196742137,-0.0350213889410724,
34.79999999949359,26.428628085376687,-0.0620666783605769,0.0266864401031294,-0.0343031944665534,
34.89999999949214,26.42797763951148,-0.0183632453128482,0.026511760532045,-0.0349993505849262,
34.99999999949068,26.4249673465171,-0.0208202469085046,0.0256796542673549,-0.0376991007652045,
35.09999999948923,26.424699062497247,-0.038670700520808,0.0248263823791093,-0.039302475341393,
35.19999999948777,26.41763674820287,-0.0656882698841096,0.0243907261844863,-0.0416003533547436,
35.29999999948632,26.40672365451561,-0.0738407831803744,0.0244442870486489,-0.0451925933664313,
35.39999999948486,26.39142273527971,-0.1192196122269348,0.0244978479128116,-0.0180825760432017,
35.49999999948341,26.38562470889281,-0.1128264169304935,0.0248796992321405,0.0019325489670706,
35.59999999948195,26.37772182020574,-0.0711746810988539,0.025274042211314,0.0024864340884196,
35.6999999994805,26.3744593809758,-0.0568468304916724,0.0251705337958348,0.002244602976429,
35.79999999947904,26.3601970522206,-0.1314939238360885,0.0244898455731708,0.0002738837681406,
35.899999999477586,26.370589734000728,-0.0059423847524897,0.0238091573505067,-0.0042400745897546,
35.99999999947613,26.3684648997276,-0.0021536822220392,0.0233352450799823,-0.0133423009561668,
36.09999999947468,26.364390800662857,-0.0192977495294323,0.0228684555249808,-0.009648632690022,
36.19999999947322,26.37003141678871,0.0336110903485965,0.0230377431825928,-0.0122749415491133,
36.299999999471765,26.374801435216824,0.0686300439974468,0.0239490735552726,-0.0032238970451611,
36.39999999947031,26.360165773005203,-0.0524116116656894,0.0248604039279524,0.0107612470361036,
36.499999999468855,26.35693683367153,-0.0610673348071484,0.0265488085027354,0.0338126130166896,
36.5999999994674,26.34576288806282,-0.08754828585447,0.0282583639222238,0.0406937538515554,
36.699999999465945,26.35871445105743,0.0434850167032875,0.0297523637006665,0.0855361543846741,
36.79999999946449,26.371255340607785,0.0888749365326562,0.031005383714241,0.0909159235461356,
36.89999999946304,26.37521718715599,0.0456671259363608,0.0322584037278156,0.0973876509326807,
36.99999999946158,26.37461990361567,0.0126720625911974,0.031552213478321,0.0992906195432088,
37.09999999946013,26.36516371882507,-0.0644576855927732,0.0307801779288288,0.0965902047872208,
37.19999999945867,26.355016723155423,-0.0752004987244131,0.0300692694008142,0.0893127826922313,
37.299999999457214,26.3430143974654,-0.0942535659261641,0.029429983707335,0.0730509365894929,
37.39999999945576,26.337317266921104,-0.0571850986224338,0.0287906980138559,0.0771322122062932,
37.4999999994543,26.31795959676704,-0.1385596250488427,0.0288596154745999,0.0682186365756991,
37.59999999945285,26.312804114097997,-0.0761552402602578,0.0289577028962815,0.0697021255461173,
37.69999999945139,26.31255353061631,-0.054696575121239,0.0280496315194,0.0662512125213482,
37.79999999944994,26.30723287648956,-0.0514576563840981,0.0260023887459464,0.0596808738354737,
37.89999999944848,26.31518002099772,0.0344971342971919,0.0239551459724929,0.0496183099136372,
37.99999999944703,26.32054054779485,0.0351267468179826,0.0223699008666131,0.0411401457885848,
38.09999999944557,26.329647846797904,0.0775161172043192,0.020802985134559,0.0322290039931486,
38.19999999944412,26.341471047149767,0.1073287609936542,0.019524817149933,0.0205842601400615,
38.29999999944266,26.33168844328613,-0.0144175674517834,0.0185746933636225,0.0121321424855655,
38.39999999944121,26.328903215263303,-0.0145057613595814,0.017624569577312,0.0073293730049122,
38.49999999943975,26.32821272673773,-0.0067517565621832,0.0171600846669748,0.0054380657344133,
38.599999999438296,26.3277878490529,0.0001503601510797,0.0167168999448822,0.004985342907343,
38.69999999943684,26.327119377837025,-0.0067349803588191,0.0165917294413704,0.0047420760387675,
38.799999999435386,26.332893255164493,0.0179835333166922,0.0168295114527286,0.004531458028364,
38.89999999943393,26.331170217123372,-0.0112456205168891,0.0170672934640869,0.0054309287567815,
38.99999999943248,26.33199221700858,0.0009409883365467,0.0178115994726486,0.0069253585899221,
39.09999999943102,26.330334757396106,-0.0218406192160687,0.0185747739075515,0.0108073358750259,
39.199999999429565,26.332921315759997,0.0073904579809346,0.0192348664115179,0.0128774671903324,
39.29999999942811,26.34243125748664,0.0730957256603888,0.0197726364638941,0.0164338826883424,
39.399999999426655,26.33938792975887,0.0244804968981767,0.0203104065162703,0.020314336910986,
39.4999999994252,26.349664404976128,0.0664091597267645,0.0206953256468303,0.0229173073844555,
39.599999999423744,26.34584396764373,0.0238246022295633,0.0210752964736519,0.0263978984513125,
39.69999999942229,26.33081486267163,-0.0956687245431485,0.0210180319078086,0.008441572658349,
39.799999999420834,26.32749497975015,-0.0456750734796329,0.020439380660747,0.0095396117156785,
39.89999999941938,26.32991826320654,-0.0250776769068628,0.0198607294136853,0.0071016372638516,
39.99999999941792,26.34064251489324,0.042256754234681,0.0196042471529498,0.0037860905769273,
40.09999999941647,26.360730773753147,0.1476275988413197,0.0193603450585434,0.0036353045398587,
40.19999999941501,26.352800793778016,0.0373092023371633,0.0195077272359979,0.0035984630841302,
40.29999999941356,26.35830713225741,0.0357201449100766,0.0201178371082316,-0.0038552705222526,
40.3999999994121,26.36961483232229,0.1021606986872295,0.0207279469804652,0.0090989436523947,
40.49999999941065,26.36296006647241,0.0090834702181228,0.0216823599526021,0.0144421989405599,
40.59999999940919,26.364899295927074,0.0027134768707208,0.0226477610761997,0.0203228651652379,
40.69999999940774,26.355997827592788,-0.0538772686274561,0.0231828912928164,0.0245704521355311,
40.79999999940628,26.356079617515377,-0.0167156212453139,0.0232220346799166,0.0246812603266323,
40.89999999940483,26.36131804099675,0.0237743344053347,0.0232611780670167,0.0230149908827733,
40.99999999940337,26.348465257001283,-0.0706197032888966,0.0232105193292321,0.0223837183543239,
41.09999999940192,26.35566560217091,0.0177707854051985,0.0231562923042711,0.0196986003350073,
41.19999999940046,26.36494211811299,0.0469671840301316,0.0231119930176531,0.0202250324605062,
41.299999999399006,26.364158340983572,0.0265845319252884,0.0230792195465814,0.0118363767388883,
41.39999999939755,26.360071583080927,-0.0071805187648672,0.0230464460755096,0.0034946288138092,
41.499999999396096,26.356670211211327,-0.0201809049797935,0.0231224008991839,0.0038081582005281,
41.59999999939464,26.352774288329023,-0.0230061044733605,0.0232032676517463,0.0067929551803718,
41.69999999939319,26.353631973699105,-0.0094974805901624,0.0232694272289328,0.0104284846618978,
41.79999999939173,26.35282623398781,-0.0160184554587673,0.0233189212764693,0.0144559459160005,
41.89999999939028,26.348074128644797,-0.0398596340854863,0.0233684153240058,0.0073935046210435,
41.99999999938882,26.35462495123627,0.0262771352801685,0.0229751111120172,-0.0106377543711417,
42.09999999938736,26.365430955936183,0.0666875440963167,0.0225638324582623,-0.0103207771074217,
42.19999999938591,26.365626375074235,0.0359766413684478,0.022220249309808,-0.0541998933220119,
42.29999999938445,26.3717996046972,0.0469923126628445,0.0219568370754755,-0.0527819494745709,
42.399999999383,26.375075505410088,0.0375302085657916,0.0216934248411431,-0.0522198623460657,
42.49999999938154,26.37325634996411,0.0029874031464692,0.0209317958787904,-0.0546434890997766,
42.59999999938009,26.372789809675883,0.002501554028311,0.0201509931027016,-0.0660462607208902,
42.69999999937863,26.36871775109683,-0.0054239145776072,0.019498879198182,-0.0676720492003286,
42.79999999937718,26.37745369430222,0.0363260697254106,0.018991483128961,-0.0689347989647715,
42.89999999937572,26.375190410165583,-0.007457449697494,0.0184840870597399,-0.0676372183433658,
42.99999999937427,26.38398399275812,0.0332956987475887,0.0196021030228311,-0.0640481262111976,
43.09999999937281,26.39300783749083,0.0650110694456028,0.0207765858432811,-0.0558152352005998,
43.19999999937136,26.382882130764006,0.006471599216863,0.0217586047357963,-0.0631381330966062,
43.2999999993699,26.38709042521337,0.0171625513962509,0.0225150771838336,-0.0626284360819882,
43.39999999936845,26.37490668655943,-0.072552676763089,0.0232715496318709,-0.0561187907554832,
43.49999999936699,26.34946208568592,-0.1728613638492415,0.023035820115686,-0.0556864863150411,
43.59999999936554,26.32991657212948,-0.1843460785964982,0.0227661215940464,-0.0574250541528546,
43.69999999936408,26.310536067742525,-0.1760312632507236,0.0222811764573826,-0.060790548398643,
43.79999999936263,26.310108463399043,-0.0788863878387177,0.0215422889683449,-0.0662759641364374,
43.89999999936117,26.30789660293335,-0.0471912570842249,0.0208034014793072,-0.0721048587195821,
43.99999999935972,26.307331852709886,-0.0291308465806799,0.0213270772836856,-0.0752273549166388,
44.09999999935826,26.299334785526884,-0.068981536029899,0.0218956611687058,-0.0737470497983844,
44.199999999356805,26.30776305555465,0.018138562974307,0.0226901513170977,-0.0708186305439208,
44.29999999935535,26.30328775871475,-0.0051627681196314,0.0237420571351634,-0.0575737764617674,
44.399999999353895,26.302586635656617,-0.0118068996855144,0.0247939629532291,-0.0544878399393374,
44.49999999935244,26.300337268748827,0.0021958804454138,0.0248488198668128,-0.0443587389787521,
44.599999999350985,26.293086787347416,-0.021734313891699,0.0248663685997173,-0.0362256132114638,
44.69999999934953,26.28950267598172,-0.022381400466358,0.0247860556334014,-0.0404114569918596,
44.79999999934808,26.29263585219305,0.0127235852112894,0.024593601586732,-0.0252726559614338,
44.89999999934662,26.27536292135531,-0.1018861421687494,0.0244011475400627,-0.0270867122314216,
44.99999999934517,26.27086764586412,-0.0693719659571536,0.0240434685422726,0.0062234756531053,
45.09999999934371,26.269093136967363,-0.0569613255310142,0.0236808057723805,0.0059948301799764,
45.19999999934225,26.276568315973268,0.029802263836873,0.0231548234500513,0.0219205016425157,
45.2999999993408,26.27686079851428,-0.0106466224643207,0.0224464585602128,0.0156776969782527,
45.39999999933934,26.277930715003823,-0.0196657438419993,0.0217380936703743,0.0363681325250458,
45.49999999933789,26.279280149450248,0.0126318825250856,0.0209604112268809,0.0371763277641908,
45.59999999933643,26.27601954604601,-0.0336622632732797,0.0201801483281447,0.0454276566019649,
45.69999999933498,26.27595244223189,0.0100222433963707,0.0199974599495959,0.0563939226978518,
45.79999999933352,26.28096614530729,0.0386349984722403,0.0205028242571442,0.0616031833781453,
45.89999999933207,26.27912607126443,-0.0104695886684323,0.0210081885646925,0.0985172083163893,
45.99999999933061,26.28180261585169,0.0258491795718529,0.0218536833955917,0.1178835672891093,
46.09999999932916,26.27519894339842,-0.024745390143223,0.0227096513451238,0.1474062688005636,
46.1999999993277,26.280514366307287,-0.002823379671144,0.0235704715007858,0.1485396313489118,
46.299999999326246,26.270156784500568,-0.0693544239648706,0.0244369859709641,0.1506811002125965,
46.39999999932479,26.26637777190148,-0.059545393098829,0.0253035004411424,0.1522268581458494,
46.499999999323336,26.261715933328635,-0.0445066365218466,0.0257907267491952,0.1546972845697283,
46.59999999932188,26.261298163127268,-0.0184701832782986,0.0262662463676908,0.1565728964037797,
46.699999999320426,26.268414389973252,0.0270317213706012,0.0265194316335348,0.1565134387170224,
46.79999999931897,26.26570086360096,0.0041319778911475,0.0265136023169107,0.1588151071856036,
46.89999999931752,26.26731767583787,0.008644616486048,0.0265077730002866,0.1577349128129032,
46.99999999931606,26.254765049004263,-0.0643186802942707,0.0267260220689288,0.154972221846899,
47.099999999314605,26.26187252131891,0.0109332888351578,0.0269515350346552,0.1567187706650369,
47.19999999931315,26.258533704867023,-0.0186038475497261,0.0277977233633446,0.1632345497169443,
47.299999999311694,26.24428542975765,-0.1110110345793968,0.0293454717579541,0.1533745009973049,
47.39999999931024,26.2443820275636,-0.0450594517605474,0.0308932201525636,0.1591495666753931,
47.499999999308784,26.239063792482806,-0.0592500251537349,0.0314691477721247,0.1404037450436846,
47.59999999930733,26.237219654783395,-0.0458583860326539,0.0320149364257669,0.1204061110183552,
47.699999999305874,26.2459320263431,0.0276461121599184,0.0325151873210918,0.078619003902153,
47.79999999930442,26.248232661512564,0.0046260176955951,0.0329635976026618,0.0568473005577565,
47.89999999930296,26.24538438327669,-0.0019099443149393,0.0334120078842318,0.0468854894471689,
47.99999999930151,26.24537277773452,0.0057567536963435,0.0342711934673856,-0.0193044642953487,
48.09999999930005,26.249140719964178,0.0589078164797508,0.0351474601017013,-0.0823133615184456,
48.1999999992986,26.21366068795361,-0.2530052515012113,0.0354546579670367,-0.0868866465130855,
48.29999999929714,26.23963888940194,0.1255417276574335,0.0351060987734959,-0.0776630667209767,
48.39999999929569,26.222521908957734,-0.1138094506949057,0.0347575395799551,-0.0741469953954042,
48.49999999929423,26.210839427044444,-0.105600453274913,0.0321031670045508,-0.0786711680589516,
48.59999999929278,26.199726695287502,-0.1246493155321112,0.0293823679481163,-0.09756224001629,
48.69999999929132,26.18096892976349,-0.1723393720070495,0.0268285825906779,-0.1207023850086137,
48.79999999928987,26.15576061038859,-0.2404725722780621,0.0244652573977556,-0.1358093596125411,
48.89999999928841,26.13389162829208,-0.1950245555067501,0.0221019322048333,-0.1422477531894548,
48.99999999928696,26.13221020599514,-0.0644134557901084,0.0203889365555237,-0.1301142340937745,
49.0999999992855,26.133189014817653,-0.0213158953730626,0.0187049361434605,-0.0953960671651363,
49.199999999284046,26.14728555896388,0.1037018459102408,0.0184821832929009,-0.0465743502870918,
49.29999999928259,26.156546686427493,0.0971644039007303,0.0198760447607666,0.0011319371015291,
49.399999999281135,26.15992386109394,0.0795515327237633,0.0212699062286323,0.0611624262234484,
49.49999999927968,26.14812713383401,-0.032509997968047,0.0217804603452599,0.0928471654552246,
49.59999999927823,26.145358213202883,-0.0258470510349947,0.0222675888924755,0.0946423609650609,
49.69999999927677,26.124118950535628,-0.1214870508548701,0.0223845860723774,0.0940624799755103,
49.79999999927532,26.11484710587796,-0.1300210447198378,0.022091966308114,0.089267272315169,
49.89999999927386,26.09341219335651,-0.1777300973412688,0.0217993465438507,0.1362384919232601,
49.9999999992724,26.08621549077389,-0.1200501649058869,0.0210248115708216,0.163135929893491,
50.09999999927095,26.085703359101064,-0.0217684185860018,0.0202372910923275,0.1772103858321412,
50.19999999926949,26.10236365934159,0.0966494346966567,0.0198668262956091,0.1847897657077265,
50.29999999926804,26.105653532503634,0.0447520856572977,0.019961723023355,0.2139664818174869,
50.39999999926658,26.09633582214148,-0.0515900842345265,0.0200566197511008,0.2236635492810426,
50.49999999926513,26.092225168582697,-0.0570373205094756,0.0190840933706335,0.2228088388174959,
50.59999999926367,26.08624432264979,-0.0548067038371584,0.0180741755958203,0.2199170418440501,
50.69999999926222,26.084795006048623,-0.038057865397172,0.0183505029279647,0.2242228780429325,
50.79999999926076,26.09540957204012,0.0568138152893832,0.0201082795664737,0.2253135833819262,
50.89999999925931,26.120059648597845,0.1749248696741998,0.0218660562049828,0.2036152038402826,
50.99999999925785,26.109593936197392,0.003066366339991,0.0238607920054088,0.2234631588087179,
51.0999999992564,26.11850644237565,0.0646507910821651,0.025862512528479,0.2168392617366634,
51.19999999925494,26.119591074482795,0.0353270849738054,0.0271926001840387,0.2266211729511381,
51.29999999925349,26.11685095808926,0.0104987616151412,0.0277542104444021,0.2403339163806084,
51.39999999925203,26.12640143576358,0.0739367961164633,0.0283158207047656,0.1906784351916455,
51.499999999250576,26.12352609513248,0.0393930866888752,0.0281403019940865,0.1412031320524826,
51.59999999924912,26.13001151360528,0.0479203446487574,0.0279382879503216,0.0908804095741505,
51.69999999924767,26.14248982178244,0.0829205869595021,0.0278683181254722,0.013617730062421,
51.79999999924621,26.159119342231925,0.1341020883549611,0.0279487883634756,-0.0978476517587024,
51.89999999924476,26.16605778602854,0.099640151405769,0.028029258601479,-0.0906210116058662,
51.9999999992433,26.16118271782319,-0.0054910742542189,0.028036541168028,-0.1176714987083165,
52.099999999241845,26.16504025078995,-0.0035478101521089,0.0280414496524687,-0.1606104665615914,
52.19999999924039,26.16922186520149,0.0249035753965323,0.0282213773669306,-0.2010231441022631,
52.299999999238935,26.192286217644227,0.2128416779766144,0.0286053026285529,-0.2033487551114184,
52.39999999923748,26.179045929369043,-1.7812505289225186e-05,0.0289892278901752,-0.2091652683263638,
52.49999999923602,26.206118267699264,0.1645096697700847,0.0295623667773602,-0.2527328137652965,
52.59999999923457,26.212876694253293,0.1193595072161855,0.0301428650877598,-0.2657862491196011,
52.69999999923312,26.213810104801823,0.0537653920534072,0.0304691265385092,-0.2842615492738672,
52.79999999923166,26.22171241054499,0.0521174327639055,0.0305070484010024,-0.2946214550211438,
52.89999999923021,26.218196739780748,0.0088467295425491,0.0305449702634955,-0.2992655913189763,
52.99999999922875,26.216324283353444,-0.0083637023270657,0.0305482530886661,-0.3056606512639994,
53.09999999922729,26.223412645994006,0.0235025433518698,0.0305504244449825,-0.2838495984826707,
53.19999999922584,26.230804140695305,0.048896179568038,0.031041314784312,-0.2811589960268248,
53.29999999922438,26.248004235122984,0.1058414964395993,0.0320946816104999,-0.2765636291468507,
53.39999999922293,26.24776799401926,0.0551460460026654,0.0331480484366877,-0.2399374117998634,
53.49999999922147,26.253743642170217,0.0428984023528381,0.0337105014487798,-0.2121997867332305,
53.59999999922002,26.264778984788958,0.089391634873444,0.0342544326194847,-0.2058398286508164,
53.69999999921856,26.28115190224701,0.1308738170171499,0.0345693464574285,-0.1750850588968914,
53.79999999921711,26.283574315993555,0.0784643652526875,0.0346251799344395,-0.0711175735008508,
53.89999999921565,26.30527219660745,0.1626725156957512,0.0346810134114506,-0.0708192797059636,
53.9999999992142,26.314680399634018,0.137671570530919,0.035229453042309,-0.0771617390174468,
54.09999999921274,26.32031650217799,0.061652080395185,0.0358045474630963,-0.06896480984558,
54.199999999211286,26.339817897761247,0.1494205319634313,0.0362572811337566,-0.0312786301553602,
54.29999999920983,26.346403469233906,0.0915390675174999,0.0365687421894268,0.0399591494870513,
54.399999999208376,26.35230396032591,0.0473306300598076,0.0368802032450969,0.0359011279681919,
54.49999999920692,26.371075302253526,0.155490632459786,0.0358417502807195,0.0315896931126962,
54.599999999205465,26.365752391933796,-0.0116382799938056,0.0347576651355059,0.0330941038940428,
54.69999999920401,26.372492285714905,0.0379405998963199,0.0334641538721156,0.0682303933181524,
54.79999999920256,26.37997243007313,0.0699030901040162,0.0319403706251686,0.0832436695820105,
54.8999999992011,26.37053194310869,-0.0149307189295295,0.0304165873782216,0.0914612155250882,
54.999999999199645,26.3751084637956,0.0284489743928519,0.0298976897456282,0.0935059233108564,
55.09999999919819,26.385384549045128,0.0825481851120997,0.0294052128281366,0.1174370345894832,
55.199999999196734,26.380883905382163,-0.007209919194252,0.0289026040237204,0.1141612098354869,
55.29999999919528,26.382290544655536,-0.0091525574189844,0.0283886038015911,0.110010660399712,
55.399999999193824,26.384590954467942,0.0090257646398566,0.0278746035794619,0.1055570771414237,
55.49999999919237,26.387932022239077,0.0222874808372867,0.0280674922226679,0.1012917242052157,
55.59999999919091,26.39641273620472,0.0758030422544809,0.028283577966151,0.1034950595379361,
55.69999999918946,26.39835456955437,0.0410937533805598,0.0290159818770192,0.0944200258246703,
55.799999999188,26.410564521736724,0.0998564103803802,0.0303422702327754,0.0784355390364522,
55.89999999918655,26.41922040078381,0.1055836027299527,0.0316685585885316,0.0732363472501296,
55.99999999918509,26.414229030416653,0.0060676311757847,0.0319534587474819,0.0719692992536295,
56.09999999918364,26.416567533003093,0.0182575166926186,0.0322117198304294,0.0231425748192156,
56.19999999918218,26.41390901557256,-0.0167138758888733,0.032357214419356,0.0195550192248799,
56.29999999918073,26.412221188746628,-0.020552065837896,0.0323732475025335,0.0247908212515364,
56.39999999917927,26.41534925064442,-0.0205195769305183,0.032389280585711,0.0042115033210671,
56.49999999917782,26.409121278064163,-0.0443685938416684,0.0325691693150493,-0.026742510140425,
56.59999999917636,26.408185049949005,-0.0241966264360076,0.032753664955964,-0.049080672748488,
56.699999999174906,26.418103710324896,0.050907219703526,0.0329582589022219,-0.0606959375970496,
56.79999999917345,26.414201107421917,-0.005596826238504,0.033186504929288,-0.091592635037497,
56.899999999172,26.41718043122507,0.0339485225274642,0.0334147509563542,-0.1415497681717493,
56.99999999917054,26.408232226292963,-0.0686971525597215,0.0331087273693602,-0.1387421542618898,
57.099999999169086,26.40529722771604,-0.0475392730926561,0.0327829169596948,-0.1395291247921777,
57.19999999916763,26.408601014524915,-0.0035202971190473,0.0327645544726627,-0.1365602291180953,
57.299999999166175,26.407898488927326,-0.0108058636723618,0.0330931585576745,-0.1319209046715393,
57.39999999916472,26.41076869385121,0.0110036267752996,0.0334217626426863,-0.1318125481109783,
57.49999999916327,26.409880068446878,-0.0070102728542743,0.0325794542001532,-0.1342160400286301,
57.59999999916181,26.393273965450465,-0.102945744917417,0.0317063024065515,-0.1401304459952153,
57.699999999160354,26.3833911618752,-0.098960463741502,0.0308949740997635,-0.1394474038902843,
57.7999999991589,26.374624714073764,-0.0933150422062087,0.030154485519771,-0.1469155142874729,
57.89999999915744,26.367563421108983,-0.0871074191943039,0.0294139969397786,-0.1422827293256886,
57.99999999915599,26.35061786202957,-0.1514741634155344,0.0293169114088097,-0.1185131985763551,
58.09999999915453,26.348281964186828,-0.0771323991929539,0.0292407568083141,-0.1121156375896576,
58.19999999915308,26.33552832929371,-0.1157806969077421,0.0293628233398903,-0.0700945687435954,
58.29999999915162,26.32704683870646,-0.0959677190214222,0.0297043000443877,-0.0640570950219906,
58.39999999915017,26.30708707365702,-0.1814923615413866,0.0300457767488851,-0.0308646165394607,
58.49999999914871,26.28609782840949,-0.1840141867604023,0.0299180277074498,0.0092874821221859,
58.59999999914726,26.24867263885823,-0.3072760203487011,0.0297720424464949,0.0202912233385559,
58.6999999991458,26.206662345284283,-0.3608159691151071,0.0289475768009622,0.0338588272611257,
58.79999999914435,26.156075221847484,-0.4382597324376219,0.0273597110199126,0.0707387616344773,
58.89999999914289,26.106125981567278,-0.4878233380994849,0.025771845238863,0.0668215389810231,
58.99999999914144,26.049482589633136,-0.5323186369434418,0.0229345276415081,0.050272359665545,
59.09999999913998,26.008999492841163,-0.4523002451563355,0.0200625632945682,0.0420101405559475,
59.19999999913853,25.959913356919195,-0.4577175340588653,0.0180986556713174,0.0379429179475145,
59.29999999913707,25.91510295079301,-0.4686021086022489,0.0171923100403397,0.0640023619433214,
59.399999999135616,25.860739520454867,-0.5073660930166648,0.016285964409362,0.0551282815101279,
59.49999999913416,25.8210243493753,-0.4542760712554696,0.0183356693600897,0.056838580796508,
59.59999999913271,25.779920968848327,-0.4015674744830966,0.0204332338647842,0.0943652220837336,
59.69999999913125,25.74767789651904,-0.3726038034246017,0.022908527102833,0.1297046638072755,
59.7999999991298,25.727527280273044,-0.2718103876474655,0.0258037157770102,0.1759413772948816,
59.89999999912834,25.67766155201825,-0.397158430337911,0.0286989044511874,0.1813920532115661,
