t,vEgo,aEgo,roll,targetLateralAcceleration,steerCommand
0.0,15.517770767211914,-0.6167722344398499,0.023671370954656,-0.0868103351714888,0.08403250871946485
0.0999999999985448,15.464625863437556,-0.5225221747812694,0.0211405218203088,-0.0914052929233131,0.06970157667259216
0.1999999999970896,15.425474621453429,-0.4192884254733617,0.0186096726859616,-0.0972894840661158,0.056253824686018535
0.2999999999956344,15.37320808788898,-0.4751428896205596,0.0164904831311916,-0.0871864544850216,0.03427951838254636
0.3999999999941792,15.333115738473037,-0.4104107450980996,0.0147649371081342,-0.0942892276831019,0.027289809499482984
0.499999999992724,15.328000622688393,-0.2019083005444069,0.0130965851963611,-0.0922177036425848,0.014145651848632135
0.5999999999912689,15.332866628464838,-0.0318234360520176,0.0128037570360632,-0.0815880336646541,0.004516954048256912
0.6999999999898137,15.343240365614724,0.0863846710030869,0.0125109288757653,-0.0815151970155069,0.0024164546406309933
0.7999999999883585,15.326668923538296,-0.0815485769149418,0.0125700548096748,-0.0752252162578399,-0.0016552673194121206
0.8999999999869033,15.309176800534148,-0.1556023249259725,0.0129473808081617,-0.0543834089169977,-0.013880826750911575
0.999999999985448,15.304737759992,-0.1064088682778548,0.0133365441536675,-0.0292156813367981,-0.029107343300282452
1.099999999983993,15.3023571718409,-0.066195126154818,0.0140428530383493,-0.0202444894799361,-0.03056467423701784
1.1999999999825377,15.318047477815483,0.0242485000765839,0.0147491619230311,0.0005354192101941,-0.04043437919000697
1.2999999999810825,15.315867131331604,-0.006801658685594,0.0155075491614168,0.0115937536649477,-0.0430147492983712
1.399999999979627,15.334123809137589,0.121406541175219,0.0163174729780078,0.0122907204827854,-0.03784309568459477
1.499999999978172,15.355816720732053,0.1908054125862716,0.0171112720392097,0.013228677946458,-0.03295582669430484
1.599999999976717,15.375526254178132,0.2070746333815229,0.0174106840443048,0.0373500828895584,-0.048040975847901554
1.6999999999752615,15.395695784995777,0.2036362222077216,0.0177100960493999,0.0507163150071222,-0.05545734804289135
1.7999999999738066,15.414484795673769,0.1961855847005804,0.0184839979936721,0.0518463755149072,-0.050849585377511206
1.8999999999723516,15.441959710468408,0.229945509517914,0.0197447308143802,0.0535449608476369,-0.04324475088248395
1.999999999970896,15.453235869485416,0.1741528944225321,0.0209777807805955,0.0540692946416448,-0.035004214251671224
2.099999999969441,15.469234592019705,0.1799888499841738,0.0212662868208709,0.0572527711541808,-0.03525113780103886
2.199999999967986,15.499269406027407,0.2628054704730095,0.0215547928611463,0.0583746952856659,-0.03402636017681867
2.2999999999665306,15.518449952561836,0.2139995973549829,0.0217018168118946,0.0592341365053648,-0.033605619254861184
2.3999999999650754,15.529628347161584,0.1225275604331543,0.0217114015754682,0.0569793201264098,-0.031930765789253135
2.49999999996362,15.53131600572031,0.0889807547722834,0.0217403328140519,0.0560582182341619,-0.031072945228133027
2.599999999962165,15.540628158082969,0.1099389364829357,0.0226913555675469,0.0590406811602459,-0.02655569473635996
2.69999999996071,15.550468883193636,0.099925902051713,0.0236423783210418,0.0629243335550519,-0.02268008438317061
2.799999999959254,15.554083650642465,0.0527886553841848,0.0241732824499684,0.06704335664981,-0.021905393955103877
2.8999999999577994,15.571333156436124,0.107709262499168,0.0243301557500975,0.0681650295204554,-0.02160526100879153
2.9999999999563443,15.575070933113464,0.08369408263704,0.0244612151983728,0.063341005969572,-0.017258143489559247
3.099999999954889,15.570860573550844,0.0212260057448285,0.023788490032897,0.0588214345479018,-0.018737234913275544
3.199999999953434,15.57187424301879,0.0220610097163996,0.0231157648674213,0.0583139759366385,-0.023069785264369903
3.2999999999519787,15.582158459351543,0.0608317834054496,0.0222286219420722,0.0517956579568457,-0.024619852265722497
3.3999999999505235,15.586316682768024,0.0235755043458914,0.0211246673553063,0.03723576229365,-0.021963833294918276
3.4999999999490683,15.577119531750748,-0.0489295616820904,0.0200535043208568,0.0292064743793527,-0.023727540781280195
3.599999999947613,15.584546461370936,0.0456218529640652,0.0207598625231839,0.0193634367499593,-0.011795361060589723
3.699999999946158,15.588506418360083,0.0450957043541065,0.021466220725511,0.0157971025746204,-0.0043290895276343
3.799999999944703,15.569978712822762,-0.0992041963357298,0.0219477747701799,0.0198496298708584,-0.0038528172194590045
3.899999999943248,15.563093500229796,-0.0921787948753181,0.0222397959646241,0.0216149701655431,-0.003071226342551316
3.999999999941792,15.54231412285316,-0.1662905344642104,0.0225269960424254,0.0083524816117869,0.00837263578333278
4.099999999940337,15.545509094601163,-0.0166771199010108,0.0225403372263744,-0.0484896012105181,0.048906278272958965
4.199999999938882,15.549652002418975,0.0217601186564002,0.0225536784103234,-0.0852651320098306,0.07512884989121017
4.299999999937427,15.53445618933768,-0.1021365655107812,0.022472244919467,-0.089028261275266,0.0772448763123344
4.399999999935972,15.53899313188612,-0.022189289084079,0.0222973060922219,-0.0917578948977441,0.07796142768050983
4.499999999934516,15.546347625957369,0.0369069836001768,0.022119956328653,-0.1086792209637184,0.08873055325974824
4.599999999933061,15.54245892557907,0.0061599324314283,0.0218874374702732,-0.1333948393090019,0.10464079968544407
4.699999999931606,15.531846142344309,-0.0467883225073893,0.0216549186118935,-0.1377065449085047,0.10609071538609018
4.799999999930151,15.524200527680414,-0.0798477337945906,0.0217326016761298,-0.1465302464559514,0.11288867887956956
4.899999999928696,15.522619439709594,-0.0681777847419961,0.0220901370474897,-0.1450912188254264,0.1143544587938281
4.99999999992724,15.525834075475393,-0.00501150018166,0.0224283403438307,-0.1567897959084858,0.12497717727157619
5.099999999925785,15.52582650816039,0.0095007181658516,0.0223074558662889,-0.1736212955798606,0.1360371321207654
5.19999999992433,15.526554014630513,0.0089314350695122,0.0221865713887472,-0.1860303027304685,0.14396145782811295
5.299999999922875,15.53250638206985,0.0174868523569527,0.0215749827030381,-0.2041190839080644,0.1524819775788438
5.39999999992142,15.547590552699909,0.0849744643688276,0.0205224689934658,-0.2135190477864408,0.15180938717080145
5.4999999999199645,15.558728375866298,0.0968299605081217,0.0194558545269986,-0.2234168357486821,0.15139592703849472
5.599999999918509,15.563520788856549,0.0787526762048729,0.0180144831369868,-0.2398442400241311,0.15300311118440307
5.699999999917054,15.571726123660737,0.0960181768440207,0.0165731117469751,-0.2457232737377283,0.14716894963473912
5.799999999915599,15.577801044297848,0.0663928840164014,0.0162254434100972,-0.2617550483629132,0.15605606809086023
5.899999999914144,15.596891799640046,0.1117644497052786,0.0168223382697733,-0.2628257015710751,0.1609034044639957
5.9999999999126885,15.604564483178764,0.1024217109490727,0.0174319264408544,-0.2625591148293368,0.1649108634901459
6.099999999911233,15.621073776700651,0.1511118358475224,0.0186985488102448,-0.2585537746900842,0.17080273632520038
6.199999999909778,15.639232395191224,0.1956988742142383,0.0199651711796353,-0.256141295429259,0.17780284907144875
6.299999999908323,15.65906065812356,0.19112575258028,0.0212693133794239,-0.2546753413826384,0.18571145046815318
6.399999999906868,15.689530303606652,0.2413953843949443,0.0226057636714585,-0.25169786006374,0.19275132391586025
6.4999999999054126,15.69686189068009,0.1323422578169735,0.0239182025706545,-0.2487834392279237,0.19970232510455124
6.599999999903957,15.714414924052408,0.1714689825291025,0.0246940988365764,-0.2501021522361558,0.2059056512504943
6.699999999902502,15.736923562874146,0.2067955672189509,0.0254699951024983,-0.2673843016302528,0.22320992142152665
6.799999999901047,15.747245015421305,0.1492543076028091,0.0251805654405476,-0.2710337205267565,0.22375223079861245
6.899999999899592,15.761861843074252,0.1182977505557148,0.0239846906254697,-0.2804386713704931,0.22210482296925504
6.999999999898137,15.794188767350052,0.2428505241358968,0.0228249257054391,-0.2944978862500793,0.22390383334536942
7.099999999896681,15.814940920686976,0.2382401533695788,0.0225639632487211,-0.310008492554667,0.2328561190894506
7.199999999895226,15.84597285015368,0.2694085037160523,0.0223030007920031,-0.3378513896948227,0.25029918743910423
7.299999999893771,15.818520196853266,-0.1132303708504696,0.0224350927798771,-0.3368136108708576,0.25054290179837324
7.399999999892316,15.855417496308782,0.1181542577777509,0.0229278818806554,-0.337152659228576,0.2540288503982966
7.499999999890861,15.875051859654215,0.1265450941586594,0.0234046912340478,-0.3339221596936714,0.25497970965079314
7.599999999889405,15.885166944783291,0.1205866937100037,0.0234163521793852,-0.332328869036764,0.2539339539634464
7.69999999988795,15.884642476971091,0.0600436555123484,0.0234280131247226,-0.3323892768381689,0.25405591245874315
7.799999999886495,15.887367865139568,0.0561399005724644,0.0235248824154962,-0.3317973101223156,0.2542965639586186
7.89999999988504,15.89424202348317,0.0627386059433181,0.0236944969982979,-0.3313132000382743,0.25509412843112894
7.999999999883585,15.897500739204611,0.0444114314647435,0.0238636579588577,-0.3313236637350651,0.2562385195698686
8.09999999988213,15.913816523690542,0.1218913594807318,0.0240175862947571,-0.329274689754711,0.2558265115324951
8.199999999880674,15.925048969329335,0.1375892698506774,0.0241715146306565,-0.328955336880975,0.25662036633320334
8.299999999879219,15.918098112646764,0.0387498439461625,0.0242382292360314,-0.3279738927296649,0.2564116212547481
8.399999999877764,15.924519546640434,0.0594536324488621,0.0242289365064914,-0.3263204097849225,0.2551921238505426
8.499999999876309,15.921217914929512,-0.0180832349366083,0.0242024110173037,-0.3268771280481274,0.25540482042471974
8.599999999874854,15.924732523004677,-0.0080742280522002,0.0236411425328326,-0.3269474968724573,0.25164481388202864
8.699999999873398,15.91972169760959,-0.0237517038743969,0.0230798740483614,-0.3266287049456213,0.24763313683888533
8.799999999871943,15.917988017360846,-0.010687757762216,0.0225029794262672,-0.3264536286298732,0.24360343989465388
8.899999999870488,15.92336042209496,0.0417123310762816,0.0219122970007305,-0.327748148672827,0.24047780115196127
8.999999999869033,15.917417324638098,-0.0104297734192906,0.0213518999682048,-0.3289424369617623,0.2375123626004816
9.099999999867578,15.93231396715632,0.0625812517495004,0.0215555799916816,-0.324830907275315,0.23601438093830723
9.199999999866122,15.906642131969654,-0.2044394900102548,0.0217592600151584,-0.31479681141759,0.23049996345760967
9.299999999864667,15.917386714786412,0.0366032514332287,0.0221391466939804,-0.3130596284104331,0.23185561644326888
9.399999999863212,15.924857160826637,0.0359751544848674,0.0226809915745591,-0.3118256071092228,0.23466761642612166
9.499999999861757,15.907837173831425,-0.0539091452698395,0.0232184056524511,-0.2615798723970951,0.20343901060398015
9.599999999860302,15.906843190993849,-0.052166993914018,0.0236239053414316,-0.2559957118190412,0.2023202818686142
9.699999999858846,15.849249227636816,-0.3829714076562577,0.024029405030412,-0.2448942495367761,0.19745853103320243
9.799999999857391,15.819650063689656,-0.2704468115951633,0.0248667189001069,-0.2441282870460756,0.2027124217638473
9.899999999855936,15.78104812601426,-0.3159023355260906,0.0260860168024471,-0.2374769602898713,0.20649007114595513
9.99999999985448,15.732359996449471,-0.4042512507866374,0.0272997940526906,-0.1945729919327524,
10.099999999853026,15.6844063919279,-0.424870930168322,0.0281694618345738,-0.1309519131944922,
10.19999999985157,15.647766500456052,-0.3919180551430301,0.029039129616457,-0.1324699285389588,
10.299999999850115,15.625491355680596,-0.2821053859005231,0.0292384464019119,-0.1345897917991287,
10.39999999984866,15.586479702001204,-0.3339377660893556,0.0288684575880949,-0.1402051556261841,
10.499999999847203,15.568433909565456,-0.2275180887900854,0.0285087456168099,-0.1558539605030371,
10.59999999984575,15.53908748480034,-0.2602498950282704,0.0283566852921766,-0.1551039928884907,
10.699999999844296,15.51267694813487,-0.269773831744074,0.0282046249675433,-0.1541737894595795,
10.79999999984284,15.5042887010935,-0.150545217856789,0.0283093914091678,-0.1544547110762942,
10.899999999841384,15.499616436507928,-0.0656980120948799,0.0286344494425104,-0.1549483878766854,
10.999999999839927,15.482501028712932,-0.1194895804476966,0.0289435837739975,-0.1547232185828847,
11.099999999838474,15.456868387807743,-0.2035996193813155,0.0288038777998133,-0.1549422244027911,
11.19999999983702,15.44310656968754,-0.1546149492180802,0.0286641718256292,-0.155231393564043,
11.299999999835563,15.44226786136567,-0.0581070123215592,0.0287279840390967,-0.154819364758227,
11.399999999834108,15.437821690072475,-0.0516962857905139,0.0289658833003343,-0.1539612790184883,
11.499999999832651,15.440864877330766,0.0005427125731748,0.0292052027769482,-0.1543032879175604,
11.599999999831198,15.434624855146286,-0.0271001881850557,0.0294753358090371,-0.152577846502011,
11.699999999829744,15.441162426898252,0.0101119644907978,0.029745468841126,-0.1528109753102914,
11.799999999828287,15.441970197338678,0.0276549351439206,0.0297058853699835,-0.1527302222810086,
11.899999999826832,15.468053777508985,0.1968442791295859,0.0293960726147732,-0.1533597862271548,
11.999999999825375,15.423068164574984,-0.237773437144739,0.0291046814980443,-0.1546163872393401,
12.099999999823922,15.375292022243544,-0.3749526797514524,0.0292185414101918,-0.1545342327118441,
12.199999999822468,15.377077687855254,-0.1414991354135011,0.0293324013223394,-0.1581024775663982,
12.299999999821011,15.369869247265052,-0.1139231952702086,0.0296834262622379,-0.153717226612521,
12.399999999819556,15.352534813148187,-0.1515530409942368,0.0302349431502893,-0.1517029653887063,
12.4999999998181,15.350955188901152,-0.0448662841811625,0.0307583325344724,-0.1488632209228579,
12.599999999816646,15.344721566435751,-0.0666803393405083,0.0305201970236446,-0.1481097757596169,
12.69999999981519,15.350454012272037,0.0037163818457722,0.0302820615128169,-0.1458160372664314,
12.799999999813735,15.360327413163043,0.0469157645922194,0.0298489045463754,-0.1412621883651205,
12.89999999981228,15.376801916497222,0.1276879534907545,0.0292460848737611,-0.1386984833365448,
12.999999999810823,15.38552799429873,0.1036701017606773,0.0286499754467119,-0.1315916128020494,
13.09999999980937,15.387627247470304,0.0505802739260033,0.0284699832306392,-0.1333153234586327,
13.199999999807916,15.39454609360477,0.0369363367573375,0.0282899910145664,-0.130088056116881,
13.29999999980646,15.410360412900683,0.1005331729212444,0.0283241049198812,-0.1311226089216819,
13.399999999805004,15.415168378663829,0.053243059195558,0.0285759084818739,-0.1270307954066701,
13.49999999980355,15.41458335851974,0.0433749858497495,0.0288039643403529,-0.1026231100957568,
13.599999999802094,15.414936884076596,0.0293368674741416,0.0285212478597131,-0.102509942455561,
13.69999999980064,15.432961385609223,0.1070934488006113,0.0282385313790732,-0.0811728412290769,
13.799999999799184,15.448576685643689,0.1315218848017181,0.0277911100418969,-0.0526660829613574,
13.899999999797728,15.444703325105175,0.0196132935430166,0.0272052697608182,-0.0426985635598572,
13.999999999796271,15.437509256223546,-0.0241615942987605,0.0266362654370288,-0.0418338653035297,
14.099999999794818,15.449918968669452,0.0842896083230243,0.0264250553991888,-0.0246052674890199,
14.199999999793365,15.466134042305288,0.1229839788875108,0.0262138453613488,-0.0123256792849443,
14.299999999791908,15.482939807826217,0.1510012575033964,0.0256976454444449,-0.0011406964645521,
14.399999999790452,15.483261837983727,0.041305701088065,0.0249005160607075,0.0138746790079572,
14.499999999788995,15.489823677165456,0.0910510961393905,0.0241047770624428,0.0863564051055823,
14.599999999787542,15.500664217189309,0.0789012352434787,0.0233386371601154,0.0812624759918819,
14.699999999786089,15.523735522164367,0.1712778740365441,0.0225724972577879,0.0815272758736808,
14.799999999784632,15.54377681989484,0.1919126581953454,0.022281993447278,0.0806493907759765,
14.899999999783176,15.565754985907631,0.2178081358301437,0.022390395952684,0.0830511650465635,
14.99999999978172,15.596127513978663,0.2651635801715197,0.0224862358541677,0.0863064491510463,
15.099999999780266,15.612864446982424,0.1956016460389935,0.0223133784208268,0.0862124731393343,
15.199999999778813,15.635667022400986,0.1949885835850211,0.022140520987486,0.0859034231573567,
15.299999999777356,15.656733269796192,0.2059484376269001,0.0224430188712448,0.0849751107083982,
15.3999999997759,15.676978513345995,0.2010245680217111,0.0232151013659631,0.0849149265096576,
15.499999999774444,15.697841040308274,0.2226881892485229,0.0239971966473402,0.0850334766556548,
15.59999999977299,15.709337431497552,0.1546566697110051,0.0250576150491775,0.0866123815002396,
15.699999999771537,15.72937017114178,0.172260384276079,0.0261180334510148,0.0878480382154779,
15.79999999977008,15.740223727779284,0.1073321878805465,0.0272118467245801,0.0891731368461608,
15.899999999768625,15.764660429166865,0.1937259006060499,0.0283392215622443,0.0934170194242015,
15.99999999976717,15.79022196026407,0.2215826427819563,0.0294469172405346,0.0951200615235002,
16.099999999765714,15.80610243717178,0.1956193709372633,0.0300460099084471,0.093971955508495,
16.19999999976426,15.828649239073885,0.2179354224891786,0.0306451025763596,0.0961374284597001,
16.299999999762804,15.845853164205735,0.1847930640765189,0.0307239982191636,0.0911621110309454,
16.39999999976135,15.862463315182964,0.1864346537775823,0.0303603753634557,0.0862812867568572,
16.499999999759893,15.868226693259558,0.101123442471935,0.0300054201714536,0.0801788101265316,
16.599999999758438,15.897603030081198,0.2207367440204649,0.029820984688539,0.0667134268042413,
16.699999999756983,15.90894172934234,0.1528282954040243,0.0296365492056243,0.0615185848017225,
16.799999999755528,15.910043541726422,0.0640464825057914,0.0292631388014965,0.0381811662549915,
16.899999999754073,15.915052061356542,0.0389716522163596,0.0287293645565904,-0.0164213367824146,
16.999999999752617,15.904492994794143,-0.0626537717884845,0.0282401498516149,-0.0160945428157666,
17.099999999751162,15.89724545672098,-0.0497791343628528,0.0293428998515621,-0.0155217988732086,
17.199999999749707,15.90343114672471,0.0191266304781388,0.0304456498515092,-0.0163022549710011,
17.299999999748252,15.903930547033934,0.0019545163984037,0.0318022837318608,-0.0093411173646124,
17.399999999746797,15.889731433453356,-0.1065340901975176,0.0334036020912412,-0.0153336461268609,
17.49999999974534,15.890192821381277,-0.0432053586315311,0.0349255669084281,-0.0551339270627221,
17.599999999743886,15.87901268098304,-0.103100520082446,0.0345321132395294,-0.0606336279841224,
17.69999999974243,15.85119868132077,-0.223430145782309,0.0341386595706307,-0.0736244270013264,
17.799999999740976,15.800877185342506,-0.3739003250935261,0.032959851214453,-0.0811761539315894,
17.89999999973952,15.76173096008957,-0.433922985737102,0.0310099184905826,-0.1604448909537057,
17.999999999738066,15.718969653254996,-0.4236336545599498,0.0290246776711635,-0.1632813481299782,
18.09999999973661,15.702599639767318,-0.2827500257795911,0.0261667696885806,-0.1676007104356804,
18.199999999735155,15.67751715031736,-0.282188773528903,0.0233088617059977,-0.1646929009191175,
18.2999999997337,15.62276968977358,-0.4414972015464962,0.0199952123904388,-0.1630227239215636,
18.399999999732245,15.574410598486084,-0.4931893402549898,0.0162463227092561,-0.1663838641455101,
18.49999999973079,15.507260476643632,-0.5825359838618801,0.0125296972690751,-0.1703161134046421,
18.59999999972933,15.46505552657186,-0.4686152939231368,0.0101527535259296,-0.1825267338130663,
18.69999999972788,15.425444356131704,-0.4334939248076452,0.0077758097827841,-0.1776477480655426,
18.799999999726424,15.393440883719322,-0.3193103220173579,0.0066157646033295,-0.1558487333162245,
18.89999999972497,15.3888119480893,-0.1343930271309745,0.0065035736789066,-0.1534693812136624,
18.999999999723517,15.344601529102828,-0.3728194209708101,0.0063899294607866,-0.1065962851977479,
19.09999999972206,15.308422264311968,-0.3430714840113797,0.0062421915575495,-0.0764887168755697,
19.199999999720603,15.311731725118854,-0.1223607678382634,0.0060944536543125,-0.0768706252894731,
19.299999999719148,15.291094969978491,-0.159240750907169,0.0065264932030415,-0.0569036104410622,
19.399999999717693,15.27938380005108,-0.1420930886478516,0.0075188845287095,0.0136429869922601,
19.49999999971624,15.288784225222797,0.0041215193795842,0.0085172143333755,0.0430189955413282,
19.599999999714782,15.30748627339666,0.108373829797407,0.0096357146105803,0.0467302072332515,
19.699999999713327,15.335147309927278,0.2080124428411443,0.0107542148877852,0.0492305037858798,
19.799999999711872,15.347425826865384,0.1659450807276014,0.0117979630143471,0.0570900583048399,
19.899999999710417,15.35950656850362,0.1377354187861675,0.0127768924083345,0.0572303445546083,
19.99999999970896,15.380524355317371,0.1577443975371824,0.0137438362086809,0.0580593233683691,
20.099999999707507,15.388471004287211,0.1319063858873606,0.0144053425062955,0.0615947626278681,
20.19999999970605,15.410513468788874,0.2034112778680427,0.01506684880391,0.0675686137206057,
20.2999999997046,15.411403129327136,0.1108173283269765,0.0156559468911708,0.0719588276984006,
20.39999999970314,15.416371196689644,0.0817833852186105,0.0161826401106822,0.0761720365165303,
20.49999999970169,15.41933402686536,0.0590227882455522,0.0167227669455879,0.0853259015231995,
20.59999999970023,15.426494994008657,0.0814026675632467,0.0179122690063235,0.0911444331070058,
20.699999999698772,15.443024219071942,0.1506405919944199,0.0191017710670591,0.0935826420064375,
20.79999999969732,15.439697286835518,0.0501251236604435,0.0199350513524673,0.0948680748437578,
20.899999999695865,15.43445057711132,-0.0086760671830882,0.0204670483029631,0.0982145713968956,
20.99999999969441,15.42505248387729,-0.0966062035873428,0.0209219915141138,0.0961762457445013,
21.099999999692955,15.389151850949334,-0.2557189747879049,0.0197368682243418,0.093006048474323,
21.1999999996915,15.359047513463167,-0.2855524142456324,0.0185517449345698,0.0889233414094644,
21.299999999690044,15.323034370129935,-0.3199773124648117,0.0178994584645085,0.0874188338864823,
21.39999999968859,15.283431885816976,-0.3990238710621229,0.0177816934536852,0.0863549711645136,
21.49999999968713,15.247629335196327,-0.3967697409623344,0.0176800996652565,0.0860187565942439,
21.59999999968568,15.221970854282052,-0.3049527624789602,0.017993075898242,0.087510808358567,
21.699999999684223,15.191242550367695,-0.2841673626785511,0.0183060521312276,0.087836800630504,
21.79999999968277,15.161509612839042,-0.2642694545963033,0.0187579527287574,0.0807789567911668,
21.899999999681317,15.157166953268844,-0.1453204624236931,0.0193286259909378,0.0818843009297091,
21.999999999679854,15.122326961450868,-0.2537523042298238,0.0199213044974129,0.056139750613052,
22.099999999678403,15.115954774241445,-0.1089321790702122,0.0210846251414288,0.0444855471226394,
22.199999999676947,15.08972968286124,-0.1960599923787808,0.0222479457854447,0.0465357317663553,
22.29999999967549,15.0540262136021,-0.2874821786960498,0.023162160968909,0.0372906431484387,
22.39999999967404,15.02592839315572,-0.3087648386167943,0.023838857443709,0.0285024176393903,
22.499999999672585,15.00713287401756,-0.2201805658591275,0.0245071482815441,0.0001892763581415,
22.599999999671127,14.998032226336212,-0.1161187153050331,0.0247655672249882,-0.0139293967019329,
22.69999999966967,14.986227225044402,-0.0996321618798041,0.0250239861684323,-0.029715109871717,
22.799999999668216,14.972568909098117,-0.1386389666585755,0.0249825746078323,-0.0495254751777566,
22.89999999966676,14.967013897030151,-0.0976386511142833,0.0246891591446058,-0.0720250043637198,
22.999999999665302,14.947927500275588,-0.1527332239882449,0.0244250969065421,-0.0858630863465657,
23.09999999966385,14.934830566376885,-0.124274425602375,0.0248267082623286,-0.1103810711721153,
23.1999999996624,14.927406863150448,-0.0985930087181504,0.025228319618115,-0.1321197016224906,
23.29999999966094,14.92394019167915,-0.0689907281479751,0.0257103713817425,-0.1287517292757642,
23.399999999659485,14.920202172193616,-0.0680466057971884,0.0262688778382062,-0.1262317217717037,
23.49999999965803,14.919882516422073,-0.0113322056331239,0.026798633601746,-0.1292104758016841,
23.59999999965657,14.910505688925818,-0.0647111880050788,0.0265201123696021,-0.1273258587561091,
23.69999999965512,14.91005424243724,-0.0422452331251645,0.0262415911374583,-0.135171252028863,
23.799999999653664,14.908662778468935,-0.0325524440494637,0.0257427798985957,-0.1361571840557655,
23.89999999965221,14.910411208484437,0.0181839089195592,0.025058808834653,-0.1330336849461873,
23.999999999650758,14.902960533919446,-0.0318009606575225,0.0243773606245154,-0.134644000036008,
24.0999999996493,14.906457267110088,0.0034412339650409,0.0237629830961532,-0.1361045477018984,
24.199999999647844,14.91109380720918,0.0243789757899503,0.0231486055677911,-0.1326755440895301,
24.29999999964639,14.928835354557227,0.135904276145742,0.0231200771036973,-0.1331804537367224,
24.399999999644933,14.944441495253855,0.1540520312291328,0.0236349996318836,-0.1283378434596256,
24.49999999964348,14.960844536743991,0.1648476929386015,0.0241570852274813,-0.1200376630333128,
24.599999999642023,14.986884069856838,0.1907992370372259,0.0250507966670435,-0.1173474510287827,
24.699999999640568,15.005957196325133,0.1994356404890048,0.0259445081066058,-0.0971497647703383,
24.799999999639116,15.025736440984309,0.2098543889952666,0.0264826906704453,-0.0751160336673436,
24.899999999637657,15.039388983960826,0.1724500286105312,0.0267251767755018,-0.0756628520249729,
24.9999999996362,15.04628380196709,0.0993360013711191,0.0269759478364795,-0.0633044828957107,
25.099999999634747,15.064759691578375,0.1449802398516183,0.0274479276445143,-0.0377433886839383,
25.19999999963329,15.08719008370108,0.1998403107426763,0.027919907452549,-0.0117486104969875,
25.29999999963184,15.115617178885095,0.2499128971929843,0.0274364356665654,-0.0091826833607794,
25.39999999963038,15.127789288485738,0.1518508836089359,0.026089949620494,0.0069896523051229,
25.49999999962893,15.136237872611591,0.0926643054850993,0.0247702699982183,0.0129435931973091,
25.59999999962747,15.15287094611399,0.1400529849578981,0.0241826327998291,0.0086627854180651,
25.699999999626016,15.163687826561668,0.138631531135869,0.0235949956014399,0.0019312148062749,
25.79999999962456,15.172288830722174,0.1183423466438843,0.0232961288700428,0.0443157135885834,
25.899999999623105,15.189031431380752,0.1241729826987534,0.0232491757647071,0.0810517075042502,
25.99999999962165,15.202187665567289,0.1180236377149363,0.0231769401125777,0.0801652551183872,
26.099999999620195,15.220556096402976,0.16061083121361,0.0223902637608293,0.0791597588939513,
26.19999999961874,15.222079550441356,0.0659318249377083,0.021603587409081,0.0780391869452458,
26.299999999617285,15.223932404040204,0.0584518148396622,0.021308291473747,0.0745689876812708,
26.39999999961583,15.242371689636252,0.1144686680313934,0.0214314336285635,0.075603584601572,
26.49999999961437,15.241904439310265,0.0304352520143024,0.0215552111201102,0.0836430367470452,
26.59999999961292,15.256919995614002,0.1199991951552947,0.0217182134733423,0.0820702794464587,
26.699999999611464,15.262176400939126,0.0799613736899094,0.0218812158265743,0.0826378126798278,
26.79999999961001,15.262095641389784,0.0329432568473905,0.0215510138357223,0.0834123572752622,
26.899999999608557,15.26554807084458,0.0402424692330071,0.0207879855783275,0.0810149769824871,
26.9999999996071,15.278857771159846,0.1067370460779485,0.0200480802536029,0.0771235272599216,
27.099999999605643,15.28354313827201,0.0715497794983446,0.019851950801175,0.0767084434338025,
27.199999999604188,15.280985840276196,0.0225473999275187,0.0196558213487471,0.0799393341269965,
27.299999999602733,15.29756571873647,0.0978656530523833,0.0197004626843768,0.0805297315445816,
27.39999999960128,15.288249620863551,-0.0374127772615685,0.0199687837749056,0.0853988204361186,
27.499999999599822,15.29258058152423,0.0309105859010698,0.0202378593199637,0.0883782576939412,
27.599999999598367,15.315253073199695,0.1668616045605977,0.0205284014793393,0.0901657783341939,
27.699999999596912,15.31646312991994,0.0598433301180584,0.0208189436387148,0.0958486119530064,
27.799999999595457,15.320716551229957,0.0552345063296007,0.0212053371668863,0.0961622810689429,
27.899999999594,15.341926901556258,0.1407044977077021,0.0216746901149858,0.1056234632660552,
27.999999999592543,15.325550249387188,-0.0491420626661428,0.0221197701291926,0.1223644341941071,
28.09999999959109,15.325829055292475,-0.0141519598079886,0.0219466229154856,0.1390789918615736,
28.19999999958964,15.322110839450325,-0.0334539274301627,0.0217734757017786,0.1390918243454018,
28.29999999958818,15.334630776326032,0.0620694810876036,0.0218098060924615,0.1390836461002686,
28.39999999958673,15.336221659565927,0.0335694230987286,0.0220605379380115,0.1434274617007959,
28.49999999958527,15.336738471009005,0.0257164048950456,0.022363564659759,0.1523506141475058,
28.59999999958381,15.350159148880378,0.1267858111839672,0.0250113104496924,0.1720650632103437,
28.69999999958236,15.37829090305159,0.2218351300526883,0.0276590562396258,0.1839947687608568,
28.799999999580905,15.39024414915476,0.1279557594203576,0.0295952878475306,0.255783717387137,
28.89999999957945,15.370095606605002,-0.0781683046354587,0.0309324451807148,0.2927341296171322,
28.999999999577994,15.386547459959656,0.0954499577639684,0.0322380115016303,0.2950649476632521,
29.09999999957654,15.390808849346168,0.0593949009271641,0.0327478737467516,0.3041334276899595,
29.199999999575084,15.379301337654276,-0.0468903113909759,0.033257735991873,0.3095759252173338,
29.29999999957363,15.389183192976644,0.0382213678783232,0.033336770571983,0.3101398550326434,
29.399999999572174,15.3942374160485,0.0446109215028005,0.0330474356202883,0.3146254830357631,
29.49999999957072,15.406152743463505,0.096010539494227,0.0327226069961859,0.3126743391737788,
29.599999999569263,15.4061699036728,0.0255583124761282,0.0314616775877251,0.3107849966068932,
29.699999999567808,15.402083814186122,-0.0353573504777744,0.0302007481792642,0.3069097849034541,
29.799999999566356,15.393626063214592,-0.0631663921249197,0.0291488695134501,0.3033517517657944,
29.899999999564898,15.389703271678346,-0.0494185356961547,0.0282734494891885,0.3018008103144424,
29.999999999563443,15.37313059862618,-0.1176114993589863,0.0274243303856174,0.3018922110735371,
30.099999999561987,15.351565164513108,-0.1624677952623353,0.0272161428521,0.3111436693898369,
30.19999999956053,15.34495864254664,-0.1114399060412214,0.0270079553185826,0.314888966788544,
30.29999999955908,15.323592973244772,-0.1971519039674687,0.0269263112115095,0.3194551705484326,
30.399999999557625,15.300384546405592,-0.1723325180475871,0.026958270422596,0.327674100632732,
30.499999999556167,15.293030703606444,-0.0862140640160076,0.0270095307380968,0.3362516173869001,
30.59999999955471,15.27316548445152,-0.1630940584116545,0.0277626764693508,0.3551669712381718,
30.699999999553256,15.261595494894298,-0.1424711185266284,0.0285158222006048,0.4107168432388559,
30.7999999995518,15.25820493445298,-0.0659195265340334,0.0289646156078797,0.4111527129891665,
30.899999999550342,15.246919912994215,-0.0808578772237219,0.0291648419708594,0.4229439586150079,
30.99999999954889,15.231885832997976,-0.1106976860941345,0.0293585530197941,0.4207256198490921,
31.099999999547435,15.242210025430117,0.0210259051604395,0.0293915479091397,0.4200664636462313,
31.19999999954598,15.240377403487129,-0.0255704218160555,0.0294245427984853,0.4199014980340818,
31.299999999544525,15.227578781893245,-0.1016217231017668,0.0290964230437701,0.435953775086096,
31.39999999954307,15.21234118919441,-0.1045886016948073,0.0284736821729617,0.4334957430760813,
31.49999999954161,15.202355785952696,-0.0920101874508998,0.0278616160185357,0.4308879937291871,
31.59999999954016,15.19458381973909,-0.0716943340475299,0.0275297920253786,0.4280779915301008,
31.699999999538704,15.19092314964717,-0.0791589916439457,0.0271979680322214,0.4180545322129051,
31.79999999953725,15.16234509363182,-0.2022042532084082,0.0274757365827583,0.4186444562624116,
31.899999999535797,15.152123321544662,-0.1074705298696311,0.0283738762287048,0.4205112795208852,
31.99999999953434,15.155739770117409,-0.0294742303950748,0.0292476277851883,0.4198478600832354,
32.09999999953288,15.090921381232096,-0.4448858272926927,0.0295537291785703,0.4174801953724991,
32.19999999953143,15.058131634706514,-0.3652422612663754,0.0298598305719524,0.4084656897946355,
32.29999999952997,15.053179390551827,-0.1521587165142283,0.029901637333306,0.4060455575519195,
32.39999999952852,15.03268975734712,-0.1587555161461354,0.029705888080433,0.386049830326264,
32.49999999952706,15.025931594539212,-0.0683432571636821,0.0294973330109842,0.3550369937662134,
32.59999999952561,15.022118328205671,-0.0758857588941383,0.028727895170184,0.337115161662841,
32.69999999952415,15.007910457925265,-0.1315119296027781,0.0279584573293838,0.2805140607282119,
32.7999999995227,14.985700277948332,-0.1721443358725931,0.0275215183851006,0.2202808198710851,
32.89999999952124,14.960229613893922,-0.2108917517741619,0.0273564897200037,0.2066183192308696,
32.99999999951979,14.962590437950867,-0.0556613289945375,0.0272429264383097,0.194946765424918,
33.09999999951833,14.95670595604651,-0.089401341519433,0.028347147596441,0.1931845240930353,
33.19999999951688,14.946297025551234,-0.0904467888336002,0.0294513687545723,0.1760386476553667,
33.29999999951542,14.969594456251055,0.1176973997659201,0.030498560981582,0.1275752954752164,
33.399999999513966,14.952153701057966,-0.0713409086845863,0.031497584545892,0.1144784091735257,
33.49999999951251,14.95325520421738,-0.0182183534664281,0.0324861021934574,0.1071447294075187,
33.599999999511056,14.9544516526744,-0.006067603228302,0.0329072929296188,0.0809638015760388,
33.6999999995096,14.95049112742223,-0.0209903742954203,0.0333284836657802,0.0763146193778496,
33.799999999508145,14.934106439517349,-0.0881637626453127,0.0333161478309262,0.0647300920313461,
33.89999999950669,14.934224353268652,-0.0438826269205398,0.0329009409292262,0.0546035700333878,
33.999999999505235,14.921504136159898,-0.1065500123384956,0.0324860293335953,0.0499455895753278,
34.09999999950378,14.934744400237136,0.0643709374815457,0.0320787397616786,0.0436283718820624,
34.199999999502324,14.935366787115871,0.0189920738778591,0.0316714501897618,0.0431039356221676,
34.29999999950087,14.917078679938127,-0.1282618103274979,0.0313061666521665,0.0384612492668207,
34.399999999499414,14.91904946927377,-0.0422316910941846,0.0309785885621916,0.0258692255599539,
34.49999999949796,14.937360707967445,0.0920443990783397,0.0306611852837389,0.0224491267836682,
34.599999999496504,14.9501065065319,0.1144942607037469,0.0308275040701673,0.0206320436310241,
34.69999999949505,14.961741445798328,0.1216660348729738,0.0309938228565956,0.0158862533239987,
34.79999999949359,14.961738599270497,0.0358226649618218,0.0313719463866976,0.0095068109753883,
34.89999999949214,14.970626032542471,0.0778902728780234,0.031938149827855,-0.0014985710784159,
34.99999999949068,14.998319620165418,0.2089546405493961,0.0325022211292744,-0.0042401255225268,
35.09999999948923,15.00037003715634,0.1049535646602751,0.033019648647077,-0.0063697163693931,
35.19999999948777,15.009773066539902,0.1183718363518756,0.0335370761648796,-0.0054205319328033,
35.29999999948632,15.02954534252316,0.1577039335472646,0.0337443677389651,-0.0235756036408722,
35.39999999948486,15.045428847133048,0.1626039674519908,0.0336869976910918,-0.0266533093177097,
35.49999999948341,15.077030773653227,0.2731146587592054,0.0336401615954664,-0.0312952581459773,
35.59999999948195,15.105467272092266,0.2935056663589593,0.0338769064257042,-0.0358844269965876,
35.6999999994805,15.134690459602536,0.2836675540023018,0.034113651255942,-0.0345956279758655,
35.79999999947904,15.16931986663116,0.3231305815300809,0.0342169056024333,-0.0341300464559394,
35.899999999477586,15.188496664055286,0.2270631673793294,0.034202611607829,-0.0324863810493487,
35.99999999947613,15.190762282639763,0.1257148905260973,0.0341813329742235,-0.0322257343763278,
36.09999999947468,15.216485156907634,0.2056561885521173,0.0339978157050423,-0.0334073776075186,
36.19999999947322,15.225653779191664,0.1156964852113542,0.0338142984358611,-0.0330981856088663,
36.299999999471765,15.224841967578786,0.0561664447272639,0.0340021187991005,-0.0336146783618061,
36.39999999947031,15.250909892492418,0.1819589039237239,0.0345286543621834,-0.0279246220214855,
36.499999999468855,15.248015829131475,0.0421104918257581,0.0350694406850185,-0.0247914968096677,
36.5999999994674,15.256599440681386,0.083017582216437,0.0360813415579713,-0.0242755299919023,
36.699999999465945,15.278947188373175,0.1485263689972461,0.0370932424309241,-0.0224915242750404,
36.79999999946449,15.272991731940731,0.0008917667582531,0.0375308414780217,-0.0147201814847371,
36.89999999946304,15.272478841871784,0.0237350566532603,0.0374361525385811,-0.0173260901651732,
36.99999999946158,15.290241423744495,0.1149665991201389,0.0373297636771953,-0.0187243317504314,
37.09999999946013,15.282800029754512,0.0138750363873258,0.0365405551442137,-0.021874589558713,
37.19999999945867,15.295075069280712,0.0575772105797934,0.0357513466112321,-0.0233381510758968,
37.299999999457214,15.325404465449555,0.2065691286839768,0.0349402502368197,-0.0225483506279541,
37.39999999945576,15.33490117622244,0.1191887370174534,0.03410779826593,-0.0195074414893952,
37.4999999994543,15.327475880311098,-0.024609895327213,0.033282669028347,-0.0206076603344685,
37.59999999945285,15.307475420276235,-0.1661873187045521,0.0329645867102405,-0.0253235143529706,
37.69999999945139,15.308274477758916,-0.0582053984568414,0.0326465043921339,-0.0289145304668724,
37.79999999944994,15.269936254750906,-0.2662941217473422,0.0316364058338321,-0.0280471744772532,
37.89999999944848,15.232922672024854,-0.3012876675568654,0.0299976748407833,-0.0285937079071999,
37.99999999944703,15.206441228693308,-0.2930420765111505,0.0283070767303888,-0.0319487074460996,
38.09999999944557,15.167196625158905,-0.3698556337113283,0.0244422800711138,-0.0384479067962881,
38.19999999944412,15.128073388078016,-0.3772635810850577,0.0205774834118388,-0.0453736568015801,
38.29999999944266,15.112550815670538,-0.2177895066288283,0.0172884134354353,-0.0536329654058501,
38.39999999944121,15.065282333186838,-0.3611702404907122,0.0145269719242762,-0.0601413702239795,
38.49999999943975,15.027779082555746,-0.3883873307905957,0.0118106471045394,-0.0659198112766449,
38.599999999438296,14.994967108946184,-0.3390309093863625,0.0107963621401835,-0.0680105340203945,
38.69999999943684,14.97322230943216,-0.2590124339728662,0.0097820771758276,-0.0645962538366301,
38.799999999435386,14.93947623785886,-0.2947414188426053,0.0084528120151383,-0.0668470702348062,
38.89999999943393,14.902513651322591,-0.3253616933114434,0.0068432133379832,-0.0650799567028092,
38.99999999943248,14.90269028717697,-0.133296855591013,0.0052591011173086,-0.0684699340484803,
39.09999999943102,14.880793361683978,-0.1879549440094635,0.0044251599349454,-0.0728308841830759,
39.199999999429565,14.8687863138848,-0.1154119308135321,0.0035912187525822,-0.0768059280107004,
39.29999999942811,14.860194581200345,-0.0781033881529097,0.0039597183811492,-0.0721584075097516,
39.399999999426655,14.868866411498686,0.025344723253887,0.0053375778094651,-0.0644597503249153,
39.4999999994252,14.883265162274144,0.1060956388877735,0.0066996287746551,-0.0582239186291737,
39.599999999423744,14.908991041915558,0.2196803580040602,0.0075092694024925,-0.0573727037337617,
39.69999999942229,14.90005019746329,0.0106303905682693,0.0083189100303298,-0.0540254763156522,
39.799999999420834,14.892467457222878,-0.034539039482547,0.009186731238085,-0.0517363588710267,
39.89999999941938,14.909783418163906,0.0662755388333725,0.0101067425834936,-0.0502449367248925,
39.99999999941792,14.931930194820511,0.1591886795129179,0.0110690350576234,-0.0394769585757161,
40.09999999941647,14.94607128950557,0.1708073366380009,0.0132260599648341,-0.0347985935154498,
40.19999999941501,14.969130714792684,0.2129171137507888,0.0153830848720449,-0.0240130602490838,
40.29999999941356,15.030931223573235,0.4419739654326975,0.016666774619245,-0.0149175563263756,
40.3999999994121,15.065406296442228,0.3759574353531641,0.0171827524267898,-0.0082014753052198,
40.49999999941065,15.083778545285645,0.2502559651755489,0.0176982483848472,-0.0087235137976154,
40.59999999940919,15.119368068927416,0.3146810971980375,0.0181990485609725,-0.0056661070156045,
40.69999999940774,15.114799329428733,0.070478521001249,0.0186998487370977,-0.0067736601619399,
40.79999999940628,15.117777257548356,0.0396483760965834,0.019530910296102,0.0080343390709394,
40.89999999940483,15.137628889025915,0.1647187103743564,0.0206479799796365,0.0147687793997018,
40.99999999940337,15.16110930973439,0.22206928306887,0.0217479667634485,0.0213263212457231,
41.09999999940192,15.168602125646627,0.1333582254881449,0.0224238613967799,0.0268911223953423,
41.19999999940046,15.207636398390068,0.2772903161287859,0.0230997560301112,0.0274461161933729,
41.299999999399006,15.239612659115563,0.2845309142412988,0.0238824059619343,0.0288886406134414,
41.39999999939755,15.25579691339348,0.2195130145622003,0.0247610443574439,0.0316206784271445,
41.499999999396096,15.268630151093657,0.1678022059938295,0.0256424807125978,0.0496514661963179,
41.59999999939464,15.268351880777637,0.0578558126369827,0.0266114025074646,0.0541563847689922,
41.69999999939319,15.28982391629655,0.1357877942988837,0.0275803243023314,0.0702946866314934,
41.79999999939173,15.307748104243805,0.1631362148390381,0.0277399161353924,0.0758730885945277,
41.89999999939028,15.308102414900675,0.0311292775621335,0.027173571190167,0.0745820428456943,
41.99999999938882,15.275226947122226,-0.1980975378667747,0.0266239664181912,0.0732345022687736,
42.09999999938736,15.2857775563068,-0.0180168931139251,0.0270739425073836,0.0705419978335219,
42.19999999938591,15.284329128204805,-0.0332177073035275,0.027523918596576,0.0703332376517814,
42.29999999938445,15.274629629494289,-0.045142041197402,0.027975938496412,0.0735020030534713,
42.399999999383,15.266033091108268,-0.0524162708343174,0.0284296736975441,0.0762111676066293,
42.49999999938154,15.269155319577267,-0.0101142073730074,0.0288643091602819,0.078186664293341,
42.59999999938009,15.263349428733234,-0.0591322123156923,0.0285477489972562,0.0785457216117832,
42.69999999937863,15.25420369845642,-0.0852664221779405,0.0282311888342304,0.0716618542674104,
42.79999999937718,15.25161619326213,-0.0451724931355003,0.0282855200478281,0.0711981452285384,
42.89999999937572,15.261916062735663,0.034011751532551,0.0286727057994109,0.0747844921074494,
42.99999999937427,15.25886768217132,0.0067319933365313,0.0290502134921063,0.0723205509869384,
43.09999999937281,15.280254222562428,0.1148053723129693,0.0291875052904687,0.0678445662355212,
43.19999999937136,15.283426076162698,0.0486070868007114,0.0293247970888311,0.0651878390932216,
43.2999999993699,15.291082001377749,0.0636907358792024,0.029432618166069,0.0570378093265262,
43.39999999936845,15.29257941072496,0.0332425006065719,0.0295155098074357,0.043041917381704,
43.49999999936699,15.290665026235368,-0.0191796953577739,0.0295888797806728,0.0263737331491375,
43.59999999936554,15.29624032287864,0.0182942447550276,0.029391668263616,0.027014857528059,
43.69999999936408,15.310050804807316,0.0970876322377732,0.0291944567465592,0.0268727624740541,
43.79999999936263,15.332775454607397,0.1790742462621973,0.0288468690273012,0.0176773827568266,
43.89999999936117,15.3332944380862,0.0790091256425067,0.0283641973459256,0.0046401217007862,
43.99999999935972,15.33961455822556,0.0668185669085468,0.0279040430815818,-0.0232966158127469,
44.09999999935826,15.347271121573426,0.0733090614967677,0.0280728244112495,-0.0241784825409299,
44.199999999356805,15.34287663245878,-0.0025238741211483,0.0282416057409172,-0.0244578485529351,
44.29999999935535,15.344722739035168,0.0296634866678566,0.0288481770019963,-0.0262994325990427,
44.399999999353895,15.355455816843818,0.0880407789088927,0.029829241328588,-0.0266622148558796,
44.49999999935244,15.35344925043359,-0.0057653162450305,0.0307808206728214,-0.0226927133652759,
44.599999999350985,15.349782054548552,-0.0262654449454575,0.0310838394558679,-0.0291713341206124,
44.69999999934953,15.357719265860018,0.0572135771910523,0.0313868582389144,-0.0352707850694651,
44.79999999934808,15.368313440293734,0.0959050073129125,0.0313664061527579,-0.0461787654753372,
44.89999999934662,15.367582274795431,0.0266131820953951,0.0310812441126438,-0.0535898027478431,
44.99999999934517,15.398407745252443,0.199082615775989,0.0308164703324432,-0.0574845774342925,
45.09999999934371,15.423818063976148,0.2427791933620016,0.0320551556412711,-0.0605977708460446,
45.19999999934225,15.43570823045842,0.1810834392470162,0.0332938409500989,-0.0653501268345775,
45.2999999993408,15.464180805370196,0.2522042934251544,0.034079568544377,-0.0657129203080711,
45.39999999933934,15.481965400533092,0.2070351925403011,0.0344726931650362,-0.0684133348931835,
45.49999999933789,15.501682739889164,0.1986072000271253,0.0347990037165333,-0.0790049738882417,
45.59999999933643,15.51680909391265,0.1711188432495138,0.033863969003218,-0.1022660947084134,
45.69999999933498,15.538175253286564,0.2120133714361037,0.0329289342899027,-0.1404488910348013,
45.79999999933352,15.56434485615732,0.2388169523061393,0.0321988945623145,-0.1424598149703073,
45.89999999933207,15.578930853650144,0.1917080882913567,0.0316561878018988,-0.1406923100357859,
45.99999999933061,15.600745574587732,0.216877407026018,0.0311270729127623,-0.1381032404318519,
46.09999999932916,15.62662127461516,0.2226128116730236,0.0309166497260998,-0.1394134077888308,
46.1999999993277,15.633690169794257,0.135608138877845,0.0307062265394372,-0.1350483359613774,
46.299999999326246,15.66323089203829,0.2344034462372768,0.030401255997038,-0.1326762711260738,
46.39999999932479,15.67607454618127,0.1570744004989453,0.0300093501715867,-0.1254048880307991,
46.499999999323336,15.687698941405117,0.1195693017035459,0.029605597628933,-0.1129869917231267,
46.59999999932188,15.71096118278346,0.1854502704732126,0.0289028045530043,-0.1119132871870884,
46.699999999320426,15.72591340610618,0.160771628498882,0.0282000114770756,-0.1058056360216278,
46.79999999931897,15.732054564687804,0.1047113932047532,0.0275356018068126,-0.0895955055992788,
46.89999999931752,15.743981710188091,0.1269477465119561,0.0269040102580882,-0.0702609225212613,
46.99999999931606,15.76603590714935,0.1768059201208616,0.0262726914160041,-0.0712497033761383,
47.099999999314605,15.781028718680709,0.1313879223023145,0.0256603260161679,-0.0608695240104962,
47.19999999931315,15.789641728376711,0.1128360016888278,0.0250479606163317,-0.0310660943555503,
47.299999999311694,15.80613721709154,0.1440340631009997,0.0243180372003626,-0.0149689867155564,
47.39999999931024,15.817337977469569,0.1134263392100467,0.0234783325806195,-0.0176093095594216,
47.499999999308784,15.801576937614463,-0.0820028989709756,0.0226471012121449,0.0034010676218616,
47.59999999930733,15.810321405067343,0.0438034070663858,0.0220735482824434,0.0467593934630661,
47.699999999305874,15.825093463675245,0.0943826818229304,0.0214999953527419,0.0420126012386788,
47.79999999930442,15.824284873409846,0.0338512028653809,0.020758696232216,0.055808837157498,
47.89999999930296,15.829624697591903,0.0447008215315352,0.0198654700008952,0.0869535001210837,
47.99999999930151,15.831447920028635,0.0372459085975617,0.0190051685188769,0.0911939618801409,
48.09999999930005,15.832492407267814,0.0061713413683844,0.019074908427274,0.0886153016515891,
48.1999999992986,15.829008051428834,-0.0195759691330906,0.0191446483356711,0.0875867621833761,
48.29999999929714,15.831582711244248,0.0267547376687096,0.0197078955708964,0.087864783009165,
48.39999999929569,15.832377511455762,0.0126978085224643,0.0207053109398539,0.1022773945334926,
48.49999999929423,15.812905800456734,-0.1278184778067893,0.0216538410633053,0.1042480342758494,
48.59999999929278,15.8148583849444,-0.0359847834776509,0.0212950964410528,0.1027259050057724,
48.69999999929132,15.826635101525437,0.0541061902214247,0.0209363518188003,0.1018840241775246,
48.79999999928987,15.817539289605046,-0.0303075251922957,0.0210751148491374,0.0991916517806685,
48.89999999928841,15.814125637203611,-0.0341019408526923,0.0216388026579007,0.1001037515119685,
48.99999999928696,15.824305966926858,0.0533816047697066,0.0222000617393138,0.1007569698041972,
49.0999999992855,15.809144753912248,-0.0868100018607948,0.0226537575851471,0.1015494734388578,
49.199999999284046,15.810048760729654,-0.0095502474424913,0.0231074534309804,0.099351271480478,
49.29999999928259,15.810566363584956,-0.0141840264167047,0.0235607611987367,0.0988714061332771,
49.399999999281135,15.807594662725828,-0.0023486764837566,0.0240137097560271,0.1002854272824188,
49.49999999927968,15.820630442656457,0.0800203870994441,0.0245005043420212,0.1012443013422823,
49.59999999927823,15.805047828906186,-0.078450116865849,0.0259282659562572,0.0971404942288622,
49.69999999927677,15.78134616720099,-0.1536522516183938,0.0273560275704932,0.0828958890029348,
49.79999999927532,15.783849662353989,-0.0336748561286236,0.028707447539297,0.0832345487454514,
49.89999999927386,15.775955136067132,-0.0787680188914527,0.0299845946352387,0.0677481297046807,
49.9999999992724,15.744876948578469,-0.2086224720567965,0.0311853484473291,0.0746413246154593,
50.09999999927095,15.746174466524984,-0.0465046456469,0.0305562268682307,0.0419664423924781,
50.19999999926949,15.744857983431537,-0.0480189271322444,0.0299271052891322,-0.0445482800151875,
50.29999999926804,15.72742777222069,-0.1368432123083105,0.029405168486044,-0.0589381740831853,
50.39999999926658,15.714023239430732,-0.1472404857654822,0.0289741137686206,-0.0694020648723474,
50.49999999926513,15.691641731689632,-0.189197770034102,0.0285941973572231,-0.0683447026768844,
50.59999999926367,15.685060838037492,-0.1091363222144879,0.0293780733080986,-0.0670867299521447,
50.69999999926222,15.667935052231003,-0.1487683929448095,0.0301619492589742,-0.0638273959424112,
50.79999999926076,15.64545176867062,-0.1951855292581087,0.0306174876885929,-0.0606627668631799,
50.89999999925931,15.62661906105359,-0.1980114573087768,0.0307932367220037,-0.0566781230861831,
50.99999999925785,15.600519898444867,-0.2354188556497448,0.0309463823418253,-0.0560957846108084,
51.0999999992564,15.59044180578959,-0.1337831318594775,0.0299634307382435,-0.0689059189220611,
51.19999999925494,15.580091860057134,-0.1236588584109942,0.0289804791346618,-0.0704533125245911,
51.29999999925349,15.557953556116392,-0.1787533835727091,0.0283031016921871,-0.0712283483671553,
51.39999999925203,15.552851133677397,-0.0809371370351558,0.0278931216024223,-0.0732463495142606,
51.499999999250576,15.549185972851992,-0.0571790652814305,0.0274934521842034,-0.0729319047194202,
51.59999999924912,15.529704694591398,-0.1629887903439561,0.02746690509505,-0.0733924078521788,
51.69999999924767,15.528665459744277,-0.0617381594126497,0.0274403580058966,-0.0734169594720404,
51.79999999924621,15.51449522996381,-0.1108857504766324,0.0273539331617967,-0.0726360255069158,
51.89999999924476,15.49401224164853,-0.1772071792763555,0.0272140277154801,-0.0717789968461255,
51.9999999992433,15.48540076054845,-0.136950351628545,0.027086350122286,-0.072196220401023,
52.099999999241845,15.47787882872444,-0.1019740218542318,0.027247054295436,-0.0731476551998367,
52.19999999924039,15.463077709209433,-0.1384201838054095,0.0274077584685859,-0.0715375355302334,
52.299999999238935,15.445650075535829,-0.1477493146267701,0.0277143304974214,-0.0707826595595249,
52.39999999923748,15.441463498290592,-0.0567532847482641,0.0281473882305927,-0.0697295581270863,
52.49999999923602,15.434286750318194,-0.0822153293858049,0.0285661388446385,-0.0613287051685213,
52.59999999923457,15.4261852350903,-0.0792514692268682,0.028644010517127,-0.0615698152869149,
52.69999999923312,15.432958219654449,0.025827627423062,0.0287218821896155,-0.0611805686222205,
52.79999999923166,15.427059696802752,-0.023609819941236,0.0284473909813253,-0.0599617216836652,
52.89999999923021,15.410043553110944,-0.1163122209418919,0.0278761695129905,-0.0608745882676059,
52.99999999922875,15.425208534758374,0.045331203918255,0.0272625579822333,-0.0629805744522347,
53.09999999922729,15.429409202518402,0.0345970257647843,0.0258072117471197,-0.0613156907042345,
53.19999999922584,15.429636476185468,0.0267051016991713,0.0243518655120061,-0.0651178966406075,
53.29999999922438,15.432897975207329,0.0360295202357971,0.0229285889398115,-0.0613322049971902,
53.39999999922293,15.440761854776,0.0515606014897407,0.0215332069972128,-0.0616265585320005,
53.49999999922147,15.44114239294403,0.0066206732420744,0.020190951399869,-0.0590903194322797,
53.59999999922002,15.438036326116237,-0.0181005546792805,0.0200699757891548,-0.0406980142568166,
53.69999999921856,15.442165384503255,0.026330873341049,0.0199490001784406,-0.0373926941780255,
53.79999999921711,15.44009594106869,-0.006130110518911,0.0201149561804675,-0.0176234405128199,
53.89999999921565,15.431485561099628,-0.0732641153193455,0.0205411505643102,0.0060940514200477,
53.9999999992142,15.442347391412936,0.0270788218625953,0.0209531664640279,0.0155940571744983,
54.09999999921274,15.448484894237634,0.0396349290285653,0.0210338144644046,0.0158193470005901,
54.199999999211286,15.43751613308451,-0.0374632565418064,0.0211144624647813,0.0295814600772202,
54.29999999920983,15.43873035455102,-0.0023878857130994,0.0216133736705759,0.0412344345247645,
54.399999999208376,15.435347064513635,-0.0449640688465771,0.0224962165598055,0.0601439971043146,
54.49999999920692,15.437222674094324,-0.001496204749737,0.0233824151157628,0.1053293483978541,
54.599999999205465,15.448429177080518,0.0585380488854012,0.0244326261673523,0.1102741378469664,
54.69999999920401,15.440193600214767,-0.0364539005769322,0.0254828372189418,0.146716738984713,
54.79999999920256,15.434268740491428,-0.0374121381996643,0.0264452931967714,0.2023518396396854,
54.8999999992011,15.44069206841827,0.0191170169087912,0.0273354543838404,0.2115230925275366,
54.999999999199645,15.45667276519476,0.0804058482665022,0.0282106177044543,0.2261641054751229,
55.09999999919819,15.465482121329815,0.1079315996874903,0.0282367007531567,0.2707711887955778,
55.199999999196734,15.47766052075402,0.1398574472190906,0.0282627838018591,0.2738067048529721,
55.29999999919528,15.49496299484184,0.1671520989025074,0.0278878710001977,0.277921537057872,
55.399999999193824,15.498238667606428,0.0670146264493071,0.027181730352844,0.2845549433681612,
55.49999999919237,15.501882342500638,0.0490232357834233,0.026462848026162,0.2987252565879616,
55.59999999919091,15.526857472618728,0.1788951978296711,0.0253976996803901,0.3011175637692928,
55.69999999918946,15.551639868637087,0.2255074027901244,0.0243325513346182,0.3143337824453255,
55.799999999188,15.551221062311363,0.0717422066932852,0.0232221281315595,0.3110955693024145,
55.89999999918655,15.550915476562244,0.0241200633369451,0.0220730990668086,0.3205563805791109,
55.99999999918509,15.57527066378103,0.1555000148699419,0.0209485571778753,0.3223957631106027,
56.09999999918364,15.597747502553869,0.1719076185789145,0.0204186515687211,0.3237375585157088,
56.19999999918218,15.585571140203268,-0.0265646547696282,0.0198887459595669,0.3294714760955671,
56.29999999918073,15.608336035945165,0.1579854194480762,0.0195396425577844,0.3367216356018139,
56.39999999917927,15.636623610309623,0.2131848748114113,0.0193514521306701,0.3366227644428247,
56.49999999917782,15.656344642071886,0.1861743013927366,0.0191981641561242,0.3464161121892724,
56.59999999917636,15.658965847273809,0.0794899008519594,0.0198471426437415,0.3581113668921044,
56.699999999174906,15.669075480724477,0.1095598538288429,0.0204961211313588,0.3851257904670802,
56.79999999917345,15.68447055997912,0.1512005931392274,0.0211421313515697,0.3877412790350736,
56.899999999172,15.69344667910211,0.1109625316106803,0.0217856005552059,0.4093312868087364,
56.99999999917054,15.71211229259977,0.1477676007520736,0.022416169304513,0.4197292694812251,
57.099999999169086,15.721260940149913,0.1055048604124167,0.0225253480657883,0.419899519399009,
57.19999999916763,15.747453507396752,0.1870098917818594,0.0226345268270637,0.4220389315343389,
57.299999999166175,15.752463897960377,0.1050190878916321,0.0225003357226015,0.4226375729059243,
57.39999999916472,15.770739022592878,0.1472835169110685,0.0221669245030379,0.4233331571674361,
57.49999999916327,15.79556629940176,0.1934850888519798,0.0218284535403123,0.4229760146617973,
57.59999999916181,15.807235167123215,0.1113299943966567,0.0213516422359961,0.4203721607952922,
57.699999999160354,15.794142786729308,-0.0158826466726016,0.0208748309316798,0.4264107221981784,
57.7999999991589,15.816812494734007,0.1595006585384472,0.0207337213428639,0.4261559921851364,
57.89999999915744,15.834289678281577,0.1608738357284169,0.0208714309986126,0.4366763014763293,
57.99999999915599,15.84798633506977,0.1168113154669613,0.0210099181884746,0.4518433693989926,
58.09999999915453,15.857675297702984,0.0886649746644954,0.0211698527873491,0.4544890289036497,
58.19999999915308,15.866796889080886,0.0874925305529911,0.0213297873862236,0.4584733520662815,
58.29999999915162,15.887872457850875,0.1590829041360471,0.0216515280949532,0.4647546276790771,
58.39999999915017,15.884233870710329,0.0268520608525163,0.0221138166423432,0.4744487420761955,
58.49999999914871,15.877732717275393,-0.0332293053135792,0.0225586391278095,0.4749403092875602,
58.59999999914726,15.886509138606076,0.0423408229584779,0.0225514882664688,0.4779825636704125,
58.6999999991458,15.907824824424011,0.1385295786119511,0.022544337405128,0.4791020180172598,
58.79999999914435,15.916116159072535,0.1009110955016383,0.0226310026950829,0.4797134751952077,
58.89999999914289,15.910833741562492,-0.0151734212009281,0.0228076013540915,0.4765781338102037,
58.99999999914144,15.919236886660302,0.0959356128112389,0.0229743444600138,0.4761500319176743,
59.09999999913998,15.925110524572055,0.0464804207065901,0.0226735747114949,0.4746449072207303,
59.19999999913853,15.90926497389688,-0.0937165014592232,0.0223728049629761,0.4741614653488991,
59.29999999913707,15.913216542904294,0.0123727908538884,0.0218130408110088,0.4714666430495611,
59.399999999135616,15.921244496017454,0.0644927921684581,0.0210394733842224,0.4694500518044777,
59.49999999913416,15.928674302339807,0.0783580977910426,0.0203000175127108,0.4693867363545129,
59.59999999913271,15.916214676984175,-0.0457458733978493,0.0204756073475888,0.4672315888356883,
59.69999999913125,15.90823654962455,-0.0718205557118817,0.0206511971824668,0.4678027115459977,
59.7999999991298,15.916376010053916,0.0209281163448064,0.0208267870173448,0.4698707525970835,
59.89999999912834,15.902974375833695,-0.0816299463370755,0.0210023768522229,0.471877151472457,
