t,vEgo,aEgo,roll,targetLateralAcceleration,steerCommand
0.0,23.45265769958496,0.4600034058094024,0.0295057708685298,0.2709970985463951,-0.1039003656179112
0.0999999999985448,23.502815084948224,0.4996802664172285,0.0302724811167519,0.2712980042908687,-0.099486292420172
0.1999999999970896,23.533228307521377,0.3594190371508404,0.0310391913649739,0.2719461852596206,-0.0962597634365972
0.2999999999956344,23.5881360572241,0.4779859050765939,0.0318059016131959,0.2745287661749525,-0.09385143655097075
0.3999999999941792,23.596306401837847,0.1937468597340583,0.0325726118614179,0.2782697274946548,-0.101825758813457
0.499999999992724,23.6522039115556,0.4133492060206256,0.0337353764439236,0.3024139611608668,-0.09908372527633155
0.5999999999912689,23.697193012256065,0.332438530231852,0.0359872126254063,0.3202855502448185,-0.09253487310497024
0.6999999999898137,23.66587169709649,0.0171766731884587,0.0382390488068891,0.3319287897659879,-0.09373454945006422
0.7999999999883585,23.72418159007806,0.2774772239403443,0.0384757419766152,0.3362984986793656,-0.08556686238763504
0.8999999999869033,23.72504582360524,0.0569655239953532,0.0380588672246632,0.3193070930179949,-0.024978330098223374
0.999999999985448,23.766068299229023,0.3247812912683279,0.0376758030100494,0.2200660173946938,0.05795085362533511
1.099999999983993,23.790083528784223,0.2709624120576209,0.0373865882226512,0.0865312765049095,0.05574516815860119
1.1999999999825377,23.83176007140167,0.3705864386548558,0.037097373435253,0.0871113225677435,0.057048840649320816
1.2999999999810825,23.872020989718653,0.4064871452734689,0.0364328392625664,0.0784727427341361,0.05028719738354458
1.399999999979627,23.915038554740725,0.4692394613637692,0.0356403160531612,0.0813269225066664,0.04954567976921482
1.499999999978172,23.958150342573955,0.4274800860098287,0.0348591550007879,0.0747805283557133,0.047555569678409855
1.599999999976717,23.956174326268997,0.20972833318443,0.0341089839530545,0.070577214435531,0.042337409366695986
1.6999999999752615,23.996384265804704,0.3206503664147901,0.0333588129053211,0.0714287516678333,0.04329788453833399
1.7999999999738066,24.024210300136584,0.2819287659503632,0.0337621873861169,0.0738282698787949,0.05385982066784393
1.8999999999723516,24.042129945287403,0.1889982587506992,0.0345652154959565,0.0649415507483832,0.05129385215281326
1.999999999970896,24.080003399775403,0.319152026338736,0.0349618381752069,0.072840381025032,0.0428695005750618
2.099999999969441,24.067058770539063,0.1379727758497815,0.0342381264325081,0.0791193464796769,0.037408657774890025
2.199999999967986,24.12495273313873,0.3262066213845774,0.0335144146898093,0.0806147904398679,0.05469606305561031
2.2999999999665306,24.10738677559784,0.0477974575455182,0.0323337753844116,0.0416335385513739,0.11173861067969264
2.3999999999650754,24.12019056603904,0.141079403295499,0.0309960279814538,-0.0622571393824993,0.1060341892441737
2.49999999996362,24.17277924114425,0.4142799845555687,0.0297759716999299,-0.0652861131359236,0.10757836901459746
2.599999999962165,24.212325926871703,0.3436210268314545,0.0288885109185346,-0.076577806557877,0.1044714513549653
2.69999999996071,24.23371521229672,0.2796406039200213,0.0280010501371394,-0.0803837802492328,0.10532001059167329
2.799999999959254,24.265374830427465,0.3290969971049981,0.0291000565467204,-0.071060343171321,0.11133531998823973
2.8999999999577994,24.269099679098453,0.1347234113169331,0.0308604062338462,-0.0634302694805428,0.09944745090353445
2.9999999999563443,24.24354711467258,-0.2099350970620641,0.0325413636787108,-0.0278689907590367,0.07705944410774428
3.099999999954889,24.267909273669435,0.1283247996803334,0.0340030960936656,0.02211994208987,0.09719476375757889
3.199999999953434,24.29978233027312,0.2035136176428439,0.0354648285086205,0.0042302508493417,0.12003765506337406
3.2999999999519787,24.294039418154604,0.0815245663855544,0.0364073600107259,-0.0230624208222068,0.1341609483292437
3.3999999999505235,24.350962631347464,0.1894734271946785,0.0371901833360383,-0.0382625528200458,0.13222597728279087
3.4999999999490683,24.34998192530524,0.3099727602562118,0.0378539495214077,-0.028642768122701,0.13614313329056332
3.599999999947613,24.353887368610582,0.2382086215390739,0.0381568533789201,-0.0319837321675474,0.13668251675216542
3.699999999946158,24.35865595137591,0.0560011770650702,0.0384597572364325,-0.0299007235578145,0.1373376503269746
3.799999999944703,24.350015789322235,0.0166446153893649,0.0383198079435826,-0.032291018107359,0.13618742979726475
3.899999999943248,24.401538637970926,0.3058247666771308,0.0380490146525293,-0.033303217400816,0.12583878661995604
3.999999999941792,24.42180473335678,0.2936916359615161,0.0379598747687675,-0.0176137552582063,0.10171806199448863
4.099999999940337,24.427212008761234,0.1384721410907221,0.0384522614739368,0.0259060893113659,0.08742027014877955
4.199999999938882,24.42298060460264,0.0442034784051269,0.038944648179106,0.0536420034337781,0.09773271736523396
4.299999999937427,24.427669652047207,-0.0866996307863964,0.0388473227381404,0.0361634391190184,0.09276641381184857
4.399999999935972,24.42773650758556,-0.0197086952110513,0.0385710052171693,0.0414088602560316,0.08852533586935254
4.499999999934516,24.4368991751512,0.0476503054265009,0.0383737151635757,0.0462407346002815,0.09076047920299457
4.599999999933061,24.46882790929521,0.2342635803766228,0.0384053259561738,0.0428871781478676,0.08882461605344763
4.699999999931606,24.46105599928856,0.0633854056633482,0.0384369367487719,0.0463185215336968,0.08020825322061302
4.799999999930151,24.483079589799885,0.0445193104771442,0.0375369098481018,0.0512386549898822,0.07320796952602096
4.899999999928696,24.467724851238906,-0.0045648589204902,0.0363449873501943,0.050791181698448,0.07230424881109478
4.99999999992724,24.46721972290629,0.042658335128976,0.0349244277021405,0.0383110089790661,0.07630623724240602
5.099999999925785,24.44655322520283,-0.1222013387558026,0.0327913225240336,0.0110410401586054,0.07664923453313294
5.19999999992433,24.436127087317104,-0.0801300843462418,0.0306582173459268,-0.0103994167699426,0.08039898084707005
5.299999999922875,24.43961275313985,0.0169154245150995,0.0300654112683681,-0.0222177938290199,0.08208267007058162
5.39999999992142,24.479374040584563,0.2308666964763717,0.0299360180160016,-0.0262758252001903,0.07504755344551076
5.4999999999199645,24.494524265495738,0.1736755433625129,0.0299692217634669,-0.0147223637749331,0.07277682447188973
5.599999999918509,24.506642342497404,0.1670806793062491,0.0304844516733053,-0.0060621113179829,0.07491964551765182
5.699999999917054,24.525488249574483,0.1698898509945429,0.0309996815831437,-0.0044831473135332,0.0866697095451912
5.799999999915599,24.5252723859264,0.0680031017854136,0.0315395912902665,-0.0180169102971858,0.08959641612936667
5.899999999914144,24.51895044496823,-0.0308002592408142,0.0320890110298496,-0.0173055058211668,0.0929138986529343
5.9999999999126885,24.537009707874628,0.1189173136598068,0.0330835184122128,-0.0129256225398848,0.10047191848539244
6.099999999911233,24.508640281657502,-0.0628260179869937,0.0354337475809969,-0.0019289512410359,0.158496925738555
6.199999999909778,24.51765810879513,-0.1054199906657667,0.0377839767497811,-0.0724043279869138,0.1453588074798667
6.299999999908323,24.52025767063393,0.1075664721384112,0.0376368553762824,-0.0526217348781113,0.14252465572462392
6.399999999906868,24.52641099480241,0.0973700130276977,0.036734556130581,-0.0569183542454737,0.14746628006442555
6.4999999999054126,24.53403778280897,0.0927194540473612,0.0362431213155519,-0.0697504431779312,0.1453436424048997
6.599999999903957,24.52952578200952,0.0239229396884068,0.036974553152012,-0.0591309068469303,0.14183898111461596
6.699999999902502,24.513541490241177,-0.1424833313595118,0.0377059849884721,-0.0462329190711617,0.14088988002762745
6.799999999901047,24.532650590213443,0.0813593091343441,0.038473763799437,-0.0372569111198756,0.13876011828524087
6.899999999899592,24.53579160257779,0.061386153595054,0.0392525583349886,-0.0261989694396695,0.13467370934048023
6.999999999898137,24.534718303002464,0.0145799798961756,0.039666676502623,-0.0155432683182063,0.13319487848844425
7.099999999896681,24.539248861100614,0.0529265166207894,0.03899741721284,-0.0197373988180598,0.13338173216146118
7.199999999895226,24.531768104873528,-0.0257518723997899,0.038328157923057,-0.0265689060191422,0.1397671662998258
7.299999999893771,24.54432659964868,0.0720886671940937,0.0389160125930234,-0.0311593609829656,0.14008967939721592
7.399999999892316,24.541895759005683,-0.0424714104232285,0.0398854384422413,-0.0221669122939801,0.14018031597742353
7.499999999890861,24.540835411315413,0.0679773543771828,0.0405180563992972,-0.0161077256089524,0.12485828729811227
7.599999999889405,24.467116617174504,-0.5542033557878784,0.0401398375939247,0.0051647803523692,0.13266172023714334
7.69999999988795,24.49964015665647,0.1413153407885215,0.0397616187885523,-0.0112271767913323,0.14898931585859038
7.799999999886495,24.43297198476426,-0.3780663266806197,0.0390952175366937,-0.0438031917856825,0.1503861384498329
7.89999999988504,24.392791643392737,-0.3766894144960765,0.038332202439532,-0.0533577654355311,0.1440115739310318
7.999999999883585,24.4040675897396,-0.128905491547226,0.0378241846289488,-0.0481139156693555,0.12808055134818125
8.09999999988213,24.39315109344458,-0.074495310383723,0.038034711129732,-0.0203757571754639,0.13544957489206383
8.199999999880674,24.371492328777613,-0.1583873745587567,0.0382452376305152,-0.0300726982881443,0.1310034517152321
8.299999999879219,24.36053243468842,-0.1540343082654957,0.0381026005206872,-0.0242821277082619,0.10970697098887949
8.399999999877764,24.343916011129963,-0.2313544061464342,0.037836620959862,0.0073296811037377,0.10465918352833269
8.499999999876309,24.37162299661235,0.1960723181322918,0.0374456005479909,0.0114940032535153,0.09034031863817837
8.599999999874854,24.346939258891005,-0.0556201639645071,0.0366525624360696,0.026700382271251,0.075946013804553
8.699999999873398,24.313327732669592,-0.2819016077283961,0.0358595243241483,0.0419945125891412,0.07637938212212474
8.799999999871943,24.283774827835963,-0.333207065916013,0.0356304635293619,0.0391234627627836,0.03058337191205034
8.899999999870488,24.24296349197172,-0.3498300913428699,0.0356297450895519,0.112073967048915,0.02865207298543454
8.999999999869033,24.245204517181644,-0.113875464499262,0.0355792027820937,0.1146460031400008,0.029680374283328845
9.099999999867578,24.228243231555545,-0.1219352726643028,0.0353900196287282,0.1111716498441034,0.02903503732497393
9.199999999866122,24.21767490761741,-0.1206968343264129,0.0352008364753627,0.1103512216647741,0.02312630504946726
9.299999999864667,24.209928424397745,-0.0661650006239909,0.0353576632102335,0.1212793929563627,0.028105401630934727
9.399999999863212,24.214806322208972,0.001866238514203,0.0356524539960855,0.116257899018142,0.03260961804718647
9.499999999861757,24.19206004318744,-0.2258954153740129,0.0361143558686735,0.1136528619465542,0.034501684396534914
9.599999999860302,24.198374050712385,0.0211070877637881,0.0370398451862773,0.119714838941657,0.038472583938383924
9.699999999858846,24.26436618225725,0.6068712502543695,0.037965334503881,0.1224061057556458,0.05592559197429179
9.799999999857391,24.19165978179313,-0.1501238604874092,0.0386141182873973,0.1011157007775645,0.047802990443766735
9.899999999855936,24.203322107095502,-0.028536044500028,0.039168758999723,0.1194457377588979,0.06336861255281066
9.99999999985448,24.22777861462966,0.1681624211807201,0.0394972752034326,0.0978712410262694,
10.099999999853026,24.257443952275484,0.2490924741587727,0.0392123899339208,0.0665881577138651,
10.19999999985157,24.2967797989548,0.3420059151521004,0.038927504664409,0.0599023878089764,
10.299999999850115,24.33822095073036,0.3791501702821857,0.0390583278891105,0.0214383730776672,
10.39999999984866,24.361482772104058,0.2722408337939157,0.0393297004532915,-0.0352736214211964,
10.499999999847203,24.3837501966936,0.2462370509138532,0.0393826360922964,-0.0330171839457764,
10.59999999984575,24.39043765993737,0.1255488986262555,0.0388175379658971,-0.0299163073046801,
10.699999999844296,24.38508202917273,-0.0004965755460731,0.0382524398394978,-0.0324845283589411,
10.79999999984284,24.386577569595342,0.0058981338954761,0.0380779869223777,-0.0447710678334973,
10.899999999841384,24.387098422477703,0.0108192778265488,0.0380359791918006,-0.0450920500336059,
10.999999999839927,24.3758938522222,-0.0660499702716188,0.037873773499589,-0.0519115770041374,
11.099999999838474,24.36711591420296,-0.0735683989124779,0.0373883833205896,-0.0561352975777102,
11.19999999983702,24.373022447497707,-0.001611995232219,0.0369029931415902,-0.0982476945009272,
11.299999999835563,24.374495994051824,0.0186513094579801,0.0370358513021106,-0.1069593363671447,
11.399999999834108,24.37156852716769,-0.0002126767764875,0.0373735777083118,-0.1047891939708803,
11.499999999832651,24.371315975379908,-0.0235828374821037,0.037693698314973,-0.1010380737356834,
11.599999999831198,24.37792709443457,0.0362294167745243,0.0379652187178648,-0.1038426605873003,
11.699999999829744,24.383368561286865,0.0660599229666786,0.0382367391207565,-0.0998638946750927,
11.799999999828287,24.36780070791567,-0.0818859248037979,0.0382971741494909,-0.0981413085938835,
11.899999999826832,24.352246402403747,-0.1418787284828467,0.0382863845527435,-0.0921310912338436,
11.999999999825375,24.33965353376156,-0.1305827821686543,0.0384320752416551,-0.0845301278938484,
12.099999999823922,24.33056024916825,-0.0963991268036148,0.0390549634903282,-0.0824085665659823,
12.199999999822468,24.313859896834185,-0.1425981184886834,0.0396778517390012,-0.0739408260376251,
12.299999999821011,24.29683382502832,-0.1644059176982647,0.0401238830714943,-0.0788130773482759,
12.399999999819556,24.29353545042797,-0.0776012393451221,0.0405154492133424,-0.0781557428103318,
12.4999999998181,24.29197110043433,-0.0317229737397491,0.040993510185307,-0.0706794621061325,
12.599999999816646,24.273455943066583,-0.1292142480451283,0.0417460600995701,-0.0725645787334774,
12.69999999981519,24.26430021403625,-0.1116023410448693,0.0424986100138332,-0.0459119135887107,
12.799999999813735,24.250057888749897,-0.1281296245775016,0.042816425897939,-0.0228408181501649,
12.89999999981228,24.22255357605455,-0.2109401523752152,0.0429968172916928,-0.0199674026020659,
12.999999999810823,24.197862013188608,-0.2476328133568409,0.0430067234085427,-0.0215728806270785,
13.09999999980937,24.177941692444907,-0.2210206925082198,0.0424940581417647,-0.0269450483945355,
13.199999999807916,24.156543536728243,-0.2075544110354598,0.0419813928749867,-0.0304963382972241,
13.29999999980646,24.13234834663909,-0.2139269694270824,0.0414322223394249,-0.0252191439860729,
13.399999999805004,24.1138359751888,-0.1913561394192695,0.0408714598421512,-0.0286589329457486,
13.49999999980355,24.101853807049533,-0.1558183208826583,0.0402317208473928,-0.0156156379553898,
13.599999999802094,24.083668238991528,-0.1692305950729897,0.0393532663824031,0.0026252380174135,
13.69999999980064,24.063303649546924,-0.1830128438623665,0.0384748119174134,0.0347833922457243,
13.799999999799184,24.03384224094945,-0.2671448918204331,0.0375312785844833,0.0270173805483056,
13.899999999797728,24.014983365482184,-0.2310598848085357,0.0365638778277127,0.0363808111416994,
13.999999999796271,23.993066088383834,-0.2275096581645556,0.0357120296512843,0.0574566031982642,
14.099999999794818,23.97238086807487,-0.204188078803627,0.0352170688293353,0.1058729324866512,
14.199999999793365,23.947818763460702,-0.2301343376166032,0.0347221080073864,0.1073320671438274,
14.299999999791908,23.922412605110217,-0.2462054176829532,0.0341724568740791,0.1060184622933421,
14.399999999790452,23.90477155941137,-0.2016910922295731,0.0336012849936607,0.102606314199635,
14.499999999788995,23.87581200439212,-0.2467089736640304,0.0331594253483545,0.0963389398568535,
14.599999999787542,23.831404316940727,-0.3655924257746676,0.0331165585922565,0.0894903337871316,
14.699999999786089,23.789310542142243,-0.4206502941693033,0.0330736918361585,0.089278370675376,
14.799999999784632,23.747940652119283,-0.4197687587919392,0.0329806375230206,0.094538161877206,
14.899999999783176,23.71105525602202,-0.3754083258939082,0.0328723636524845,0.0983890802810805,
14.99999999978172,23.670839663494743,-0.3839194688107941,0.0327773806759757,0.0963696045554493,
15.099999999780266,23.62370646334437,-0.4498718903305105,0.0327236556029137,0.0917221126348676,
15.199999999778813,23.584045876264007,-0.4209548552965881,0.0326699305298517,0.0949384636336621,
15.299999999777356,23.555545078884904,-0.322192283460985,0.0328541669831988,0.0925021424224241,
15.3999999997759,23.51661251604504,-0.3611872900460798,0.0331114349740389,0.0933889086003854,
15.499999999774444,23.48465340544449,-0.3350663038380282,0.0332699516113463,0.0944487348094345,
15.59999999977299,23.44688308892008,-0.3760991139434269,0.0331282635299234,0.0951337675021244,
15.699999999771537,23.407254686392395,-0.4036331175533473,0.0329865754485005,0.0925764123201926,
15.79999999977008,23.372100302719,-0.3725413641265504,0.0329033863595564,0.0861286463824183,
15.899999999768625,23.348150516808182,-0.2831187798297072,0.0328399985906196,0.0790297720916719,
15.99999999976717,23.32201922655712,-0.2789955168053031,0.0330157662005811,0.0791094403249548,
16.099999999765714,23.30238678065841,-0.2498376852187784,0.0339359015157627,0.0993028916993159,
16.19999999976426,23.29381609471209,-0.160566419284367,0.0348560368309444,0.1048836413993577,
16.299999999762804,23.28488365562464,-0.1033791153086011,0.0354756845718959,0.1109035958878789,
16.39999999976135,23.27624624284275,-0.0832364507238676,0.0359894540014024,0.1180682877062491,
16.499999999759893,23.27227372044297,-0.0537242116134239,0.0364443272697579,0.1214380016068471,
16.599999999758438,23.262071078846684,-0.0856030876620362,0.0367206036532667,0.1149567153856186,
16.699999999756983,23.26788043083467,-0.0054198500963074,0.0369968800367754,0.1160501872764037,
16.799999999755528,23.2705288129766,0.0235651143537747,0.0370025685372182,0.1063738586076277,
16.899999999754073,23.272111166540057,0.02339935897503,0.0369250449824985,0.1020417600207669,
16.999999999752617,23.26634012664231,-0.0211487686536678,0.0371131324343675,0.1007531855547162,
17.099999999751162,23.276961441691128,0.0492358159944265,0.0380391676214507,0.0878892341572989,
17.199999999749707,23.2939968320752,0.1251908196431122,0.038965202808534,0.0774437813624689,
17.299999999748252,23.297443893526555,0.0699187344409801,0.0393050533162274,0.0851990308746594,
17.399999999746797,23.302319629862225,0.0701289035442363,0.0394458748652162,0.0876326437671389,
17.49999999974534,23.30641855757559,0.0427851000193213,0.0393701434546428,0.0855634386112146,
17.599999999743886,23.308005128076832,0.0124086691999913,0.0387118530239594,0.071380105366868,
17.69999999974243,23.313691449541736,0.0430167099466021,0.038053562593276,0.0511163433818545,
17.799999999740976,23.327936947365924,0.1134674016057739,0.0378418059171128,0.0497820347323317,
17.89999999973952,23.335692139968177,0.1095094179337483,0.0377893868822598,0.0512263126006499,
17.999999999738066,23.35040642636225,0.1236787956485585,0.0378990701644796,0.0550670108048268,
18.09999999973661,23.36009288673168,0.1087762124315102,0.0384555852511665,0.0031531723845194,
18.199999999735155,23.372974945723577,0.1131902980031036,0.0390121003378533,-0.1118306275874206,
18.2999999997337,23.37690912334068,0.0702876314527521,0.0399138062235297,-0.0862610030907973,
18.399999999732245,23.38542110225054,0.0929967936555471,0.0409529491600796,-0.0899097468777539,
18.49999999973079,23.37747901021217,-0.0230272893705293,0.0418038277275562,-0.0839991363078851,
18.59999999972933,23.3916251749508,0.0931651336881177,0.0420915476749986,-0.076681570726166,
18.69999999972788,23.421719597694903,0.2151577132565703,0.0423792676224409,-0.0811187156333918,
18.799999999726424,23.434195216586215,0.1840327245158473,0.0421343435473122,-0.1372077313519047,
18.89999999972497,23.53278880047446,0.7660077973529772,0.0416665279669914,-0.0992063769019663,
18.999999999723517,23.480954147191092,0.1108012567773264,0.0409043852037396,-0.1097972906217752,
19.09999999972206,23.493311161603064,0.1301406597905496,0.0393264550071502,-0.1343150663587987,
19.199999999720603,23.5474632987903,0.395697446380448,0.0377485248105609,-0.1205226818993107,
19.299999999719148,23.57363405348722,0.3167690179214132,0.0366944668964706,-0.1315156504517923,
19.399999999717693,23.57186065679625,0.0753962183154944,0.0358394889039528,-0.131275451693511,
19.49999999971624,23.610119043121188,0.2327556920169588,0.0349687620580165,-0.1045474072865703,
19.599999999714782,23.63106754934125,0.1932785702576326,0.034055641819337,-0.1038678638675272,
19.699999999713327,23.649324441013324,0.2433603996605034,0.0331425215806575,-0.0989338519491842,
19.799999999711872,23.655046416037383,0.1403252721636006,0.0328969697397657,-0.0890551605299535,
19.899999999710417,23.65854542542292,0.089314822398702,0.0328768573843475,-0.0482761166548297,
19.99999999970896,23.690231584229235,0.2337680301324965,0.0329717483812199,0.0174106301856581,
20.099999999707507,23.725553819184373,0.3141669156876854,0.0333835084432212,0.0091575655659739,
20.19999999970605,23.7492547430796,0.2835887148501237,0.0337952685052224,0.0321202195849133,
20.2999999997046,23.796630157319598,0.3859928153365523,0.0351509828752809,0.0314561987050819,
20.39999999970314,23.795622094141752,0.1053828023133807,0.0368369023330975,0.1267568824437885,
20.49999999970169,23.80224346313553,-0.0383953802714925,0.0382436832409486,0.1501979329671065,
20.59999999970023,23.85336435628976,0.3059728261252246,0.0388671307722211,0.1639085799253417,
20.699999999698772,23.8574745585694,0.1470073692095055,0.0394905783034937,0.1654756970375141,
20.79999999969732,23.899414211589363,0.4265327331981806,0.040063145102874,0.1983750641066744,
20.899999999695865,23.89366801468525,0.0141233396689542,0.0406181332875585,0.2133126577569894,
20.99999999969441,23.91474821567116,0.1402461636731843,0.0407475490198054,0.2135533730452209,
21.099999999692955,23.926016194426403,0.1190482880129202,0.0396988511054148,0.1850621997315193,
21.1999999996915,23.932192551100822,0.0744069337343804,0.0386501531910243,0.1823458590859907,
21.299999999690044,23.949472361282236,0.1124751739411245,0.0388555330561358,0.1722679994188341,
21.39999999968859,23.968526220923987,0.1566294598777999,0.0394391427169569,0.1580951914315854,
21.49999999968713,23.998064312581903,0.2525535097965408,0.0403587139465416,0.1494948492121827,
21.59999999968568,24.015888084777945,0.2249053043814485,0.0422098136610656,0.1190690601846965,
21.699999999684223,24.022735893785985,0.1022697823746081,0.0440609133755896,0.1297450782114046,
21.79999999968277,24.03531372505012,0.1117206615237778,0.0447886483874839,0.1177048384793037,
21.899999999681317,24.050064658633325,0.1349717576725317,0.0450906282521454,0.0759005086761198,
21.999999999679854,24.0511015901401,0.0654688965051934,0.0454239741801436,0.0560974101473959,
22.099999999678403,24.05050030808413,0.0088893848431896,0.0458516171389744,0.0525132024468584,
22.199999999676947,24.061411733661945,0.0687536671055229,0.0462792600978052,0.0519575086203934,
22.29999999967549,24.074659535390555,0.1219804365493252,0.046843268278374,0.0591944578278058,
22.39999999967404,24.07703434048034,0.0657858486945674,0.0474494979006284,0.0673664841857999,
22.499999999672585,24.074401050745053,-0.0023232345285624,0.0478006504227267,0.0732152022566859,
22.599999999671127,24.0795459840856,0.011124598317761,0.0473605901602555,0.0638077343999608,
22.69999999966967,24.083131778138057,0.0262000993034786,0.0469205298977843,0.057958840663398,
22.799999999668216,24.08659097780767,0.0494812251887121,0.0471616769735721,0.0524344985719477,
22.89999999966676,24.07691753106268,-0.04658801412586,0.0476113927294932,0.0520513310962794,
22.999999999665302,24.076643567494184,-0.0325029840413533,0.0482358826602142,0.0550189497863814,
23.09999999966385,24.08882593779046,0.0651845125215998,0.0494151623876961,0.0844237406084237,
23.1999999996624,24.08954715782164,0.0550762358498312,0.050594442115178,0.0885338572079374,
23.29999999966094,24.08452250680132,-0.0099491344231182,0.0509779828707567,0.0938023656582793,
23.399999999659485,24.101841095960665,0.0994620604393178,0.0511162076424131,0.0976974763078304,
23.49999999965803,24.11962869525642,0.1540505742201764,0.0510874499118569,0.0990961219885502,
23.59999999965657,24.13401685162736,0.1517017711764439,0.0505436897190868,0.1144903368305752,
23.69999999965512,24.129621141344185,0.0356256283449186,0.0499999295263167,0.1367535630997227,
23.799999999653664,24.128573889712552,-0.0144762592007224,0.0491064300356341,0.1354134856808593,
23.89999999965221,24.143947449797167,0.0910020433957644,0.0481031104482698,0.1499324421006012,
23.999999999650758,24.14886244577707,0.089416431863617,0.0473059066873749,0.1923266214445214,
24.0999999996493,24.159161243893703,0.1000038291729513,0.0471733822955183,0.2533740271195706,
24.199999999647844,24.17409478734408,0.1158642426559116,0.0470408579036617,0.2652485118274115,
24.29999999964639,24.202549049690877,0.2300809912318968,0.0467451777060725,0.2942230728407762,
24.399999999644933,24.226153573700323,0.2509828249208916,0.0463989600566855,0.298217056484388,
24.49999999964348,24.24022927262241,0.1793742075576298,0.0461437491321793,0.3270070852839946,
24.599999999642023,24.252627054598392,0.1361372288045346,0.0461798424398315,0.4237620924760522,
24.699999999640568,24.290408004978048,0.2951562465371526,0.0462159357474838,0.4522816775567334,
24.799999999639116,24.301580221127978,0.1895522300728253,0.0466250661156048,0.4545385052687375,
24.899999999637657,24.304877225931666,0.0937085698918371,0.0471484189978909,0.4741764625724128,
24.9999999996362,24.33276313624113,0.2090781987331786,0.0475402866597367,0.484179917076831,
25.099999999634747,24.36426014526628,0.2771715293131368,0.0475168559166851,0.4722859814569469,
25.19999999963329,24.391740342296195,0.2953516723585683,0.0474934251736336,0.4713449896144794,
25.29999999963184,24.40677278276533,0.2002169621365037,0.0474769443602253,0.4740524056688338,
25.39999999963038,24.43053911653167,0.2078370738015143,0.047463209425721,0.4595817882107388,
25.49999999962893,24.45653250846076,0.2428639102356768,0.0473471223346387,0.4652960168154996,
25.59999999962747,24.465891409884,0.1511118138082555,0.0469239530716428,0.4429310180424079,
25.699999999626016,24.470482369458672,0.0933936494656131,0.046500783808647,0.4133024956161272,
25.79999999962456,24.493513999341324,0.1658296996885212,0.045870939697031,0.3676127994779553,
25.899999999623105,24.522077822351477,0.2513403632919999,0.0451781359516384,0.3295819613421309,
25.99999999962165,24.539020253234504,0.2197253722120404,0.0446232758745972,0.2266085810450743,
26.099999999620195,24.553025707912408,0.1462958225100264,0.0444609856331194,0.226430182151411,
26.19999999961874,24.57735596023347,0.1875939857828627,0.0442986953916416,0.2263210811280168,
26.299999999617285,24.62056938871461,0.3557640995864592,0.0442502626208293,0.2300450458395431,
26.39999999961583,24.62507892151909,0.159430778126881,0.0442436775934617,0.1982407646031379,
26.49999999961437,24.647704599527646,0.1309864984442772,0.0440748395267185,0.1440266182078421,
26.59999999961292,24.715825942627387,0.5637975462881128,0.0434499818116496,0.1593348380117415,
26.699999999611464,24.63835387521093,-0.3319870603797651,0.0428251240965807,0.1238970125950567,
26.79999999961001,24.693580305790217,0.2291802179765147,0.0432282185119355,0.1228020116817714,
26.899999999608557,24.687575611777497,0.0114764728719288,0.0439887783392569,0.1268006275694333,
26.9999999996071,24.714830779010512,0.1715647127586994,0.0448205840340071,0.1379002964799341,
27.099999999605643,24.70251185014084,-0.0046278443822138,0.0458545273984464,0.1402157862387696,
27.199999999604188,24.65409811221417,-0.2912539554684604,0.0468884707628858,0.1756406081969066,
27.299999999602733,24.71581688240298,0.2982373579345209,0.0470176933448314,0.2028428384097751,
27.39999999960128,24.721127609507604,0.1472422626035684,0.0468191955949097,0.1996369185832443,
27.499999999599822,24.708177690732303,0.0671020062435897,0.0468265243659563,0.1911061393217298,
27.599999999598367,24.75418362666029,0.2964348712791044,0.0474131543979682,0.1966210655878405,
27.699999999596912,24.780087640710228,0.2763912275068139,0.0479997844299801,0.1972742479024419,
27.799999999595457,24.79211245153897,0.1713050211826912,0.0482478652948733,0.2061691344232604,
27.899999999594,24.78936170317497,0.0090070773648554,0.0483825495926694,0.2238892146610461,
27.999999999592543,24.774333001302672,-0.078761593734767,0.0477990525951876,0.2869252550855209,
28.09999999959109,24.791187356805224,0.0637593495037521,0.0451772933408186,0.3227157657360631,
28.19999999958964,24.751082401389365,-0.2721122919049858,0.0425555340864496,0.3167661415735717,
28.29999999958818,24.769415241580365,0.009392270723884,0.0416138771125392,0.3206009494055565,
28.39999999958673,24.833606888201555,0.3989398967317948,0.0413622679431859,0.3631800464675671,
28.49999999958527,24.86268366406272,0.3260673925832854,0.0412782740853273,0.4465145866463796,
28.59999999958381,24.89303847562611,0.2722787752822259,0.0416705343149626,0.4630896418132871,
28.69999999958236,24.8844050984846,0.0677349647829357,0.0420627945445979,0.4788656303103498,
28.799999999580905,24.91097454498089,0.0625488598535282,0.0436846570331093,0.4858832085582605,
28.89999999957945,24.85934032234339,-0.2083916204669183,0.0457111396148609,0.4939881481556231,
28.999999999577994,24.86019230929574,-0.0845524789441917,0.0472624364068835,0.4868877583373593,
29.09999999957654,24.859004372679923,-0.0417841308259012,0.0474079192975613,0.496577756877002,
29.199999999575084,24.8627991831963,0.0240354379093975,0.0475534021882391,0.4748154534937429,
29.29999999957363,24.850057186235723,-0.0752196229406181,0.0485657132080877,0.3977446464380972,
29.399999999572174,24.870681824052504,0.0997405555020879,0.0499215388460513,0.2976309182918969,
29.49999999957072,24.906837465751305,0.2696496675443989,0.0510364693866079,0.2917614155536648,
29.599999999569263,24.909938294583625,0.1252824124075792,0.0514688132681947,0.2942471630719682,
29.699999999567808,24.902725515567155,-0.0058278813993745,0.0519011571497815,0.2498897342824104,
29.799999999566356,24.914909212601746,0.0875924428626452,0.0518289323425063,0.1673182080133651,
29.899999999564898,24.925634005121303,0.1116171773512555,0.0515483418943292,0.1711009795356497,
29.999999999563443,24.936308488643213,0.1070912238645913,0.0512374232778918,0.1348503096544759,
30.099999999561987,24.945381454502265,0.0917807557073389,0.0508407400260885,0.1238513748819113,
30.19999999956053,24.967695887422494,0.1655687152518603,0.0504440567742851,0.0658533298686723,
30.29999999955908,24.970582586368977,0.086045469209789,0.049833655761729,0.0519976682791453,
30.399999999557625,24.973339135901973,0.0366899682087536,0.0491462068726317,0.0478813356572056,
30.499999999556167,24.99685683246977,0.1690888782323342,0.0485012394109027,0.0434045680563569,
30.59999999955471,25.003829459861063,0.1085487618396656,0.0479728705700195,0.0376368902627183,
30.699999999553256,25.00336726383987,0.0437360830118029,0.0474445017291363,0.0406190075701346,
30.7999999995518,25.01291603601658,0.0663923986740924,0.0470743914716252,0.0381411230872623,
30.899999999550342,25.02696388024324,0.117673553608301,0.0467537518441107,0.0386963975327627,
30.99999999954889,25.04268646184204,0.1439619911776577,0.0462842870533777,0.0477817503714483,
31.099999999547435,25.05735762777042,0.1222338885831707,0.0453447200252852,0.0336272413050159,
31.19999999954598,25.07717574053771,0.171876617233086,0.0444051529971926,0.0425074864989528,
31.299999999544525,25.08903878314433,0.1498121491044218,0.0442470272570806,0.0450219935475693,
31.39999999954307,25.10231078234583,0.1323353116072938,0.0443339392598123,0.0411701674187928,
31.49999999954161,25.12558428967687,0.1993750048359,0.0443968184936448,0.0663030976629407,
31.59999999954016,25.13550878668438,0.1611807390225499,0.0443872005417894,0.0909851532414076,
31.699999999538704,25.14561071344677,0.1273326801126871,0.0443775825899341,0.1179572047859958,
31.79999999953725,25.15143790378716,0.0578064253222914,0.0445213974334939,0.1143843726057945,
31.899999999535797,25.17571273307577,0.1940274607714304,0.0447115256295647,0.1393691901317383,
31.99999999953434,25.1898976671736,0.1601072116410437,0.0450871483496589,0.2297301563505399,
32.09999999953288,25.209522572474366,0.1572734754330804,0.0460239577917477,0.2328329565010428,
32.19999999953143,25.228952585545013,0.1820605071422176,0.0469607672338366,0.2649984719987534,
32.29999999952997,25.25763349660536,0.2539374807390447,0.0478988721410278,0.2789014566497135,
32.39999999952852,25.27441944203262,0.183553260979167,0.0488374278395375,0.2828144126526127,
32.49999999952706,25.296275006546026,0.1943327164656603,0.0495292197963896,0.3042790132475155,
32.59999999952561,25.304904190402933,0.1442601453174586,0.0494688324477671,0.3158821681559241,
32.69999999952415,25.316504458272416,0.1252360081831897,0.0494084450991446,0.3171298224386815,
32.7999999995227,25.34682814611712,0.2325640481110135,0.0490869923985251,0.3188377384339254,
32.89999999952124,25.37214071617297,0.2528179310268548,0.0486651705950047,0.3168621773186269,
32.99999999951979,25.395031187050808,0.235875990487087,0.0482405361204932,0.3119031543415407,
33.09999999951833,25.41297992927423,0.1989445583073746,0.0478072302377105,0.3100029243136028,
33.19999999951688,25.4397671288639,0.248802428459114,0.0473739243549278,0.3098431850400427,
33.29999999951542,25.459234949900555,0.2160565385679555,0.0463292989893379,0.3089023953543084,
33.399999999513966,25.477448146201755,0.1919979743706411,0.0450661625787932,0.307326396915019,
33.49999999951251,25.495150826939845,0.1908088908641921,0.0440035148781343,0.3011579705215091,
33.599999999511056,25.50694261190912,0.1377974600454846,0.0435419262646597,0.2962360001746457,
33.6999999995096,25.49933167463109,-0.0093521631950852,0.0430803376511852,0.2969232086097561,
33.799999999508145,25.514517119014403,0.0826661621778491,0.0427583729312637,0.299411448246839,
33.89999999950669,25.52994918770669,0.1389133617555225,0.0424808546671094,0.2991098581722591,
33.999999999505235,25.54159018058192,0.1170471673393037,0.0422200983557623,0.2967823715172866,
34.09999999950378,25.554926148642647,0.1305600432179074,0.0420113440067161,0.2917051931305121,
34.199999999502324,25.57056919125372,0.1482811149418017,0.0418025896576699,0.2913979230306596,
34.29999999950087,25.583735088228615,0.138641755028562,0.0418522695112836,0.29417834185808,
34.399999999499414,25.60439052835721,0.1836625309486031,0.0419815387645732,0.2979516506816775,
34.49999999949796,25.613548772756907,0.1241911523945285,0.0421574349748266,0.3026244278514358,
34.599999999496504,25.623327380737617,0.1083799346024196,0.0424770106754275,0.3034477039155304,
34.69999999949505,25.644282085981867,0.184807828879186,0.0427965863760284,0.3022064570153844,
34.79999999949359,25.657976766307613,0.1545446082444221,0.0431918651271823,0.2954408227915575,
34.89999999949214,25.671869645217896,0.141034610052377,0.0436170969544082,0.2987154444920366,
34.99999999949068,25.68977324115755,0.1652805204324657,0.043982914226794,0.3017618390962576,
35.09999999948923,25.69765484242456,0.1050619725781291,0.0441588771534171,0.2972383245441089,
35.19999999948777,25.70731563838648,0.1017275483758891,0.0443348400800402,0.2992465238680165,
35.29999999948632,25.726427250128413,0.1433592510795265,0.0444506313717689,0.2926822760881803,
35.39999999948486,25.748689883006698,0.1926782033369224,0.0445440366248176,0.285718323504961,
35.49999999948341,25.76244436275228,0.160140300881992,0.044680755802307,0.2900816172754688,
35.59999999948195,25.77742650010909,0.1437626442063036,0.0449389579431981,0.2852821658811736,
35.6999999994805,25.798882333047413,0.1983220219664166,0.0451971600840893,0.2893273649577457,
35.79999999947904,25.812144323454618,0.1609538847880364,0.0451878849322323,0.2841576861088679,
35.899999999477586,25.84366188196114,0.2534455530500787,0.0450800714819398,0.2680040387692206,
35.99999999947613,25.871707554087767,0.2693895592091865,0.0450673626155425,0.2556066936293155,
36.09999999947468,25.89639884055746,0.2535331079666829,0.0453195112926021,0.2520922335179593,
36.19999999947322,25.917812872395192,0.2220819314898332,0.0455716599696617,0.2464952929770596,
36.299999999471765,25.942833296191186,0.241773158641229,0.0460118815330192,0.2630677948924712,
36.39999999947031,25.96515347060961,0.2319502485939742,0.0465325073325159,0.2694495799826077,
36.499999999468855,25.99449650665905,0.2615434522453471,0.0468858094017441,0.2549473414775935,
36.5999999994674,26.024626769328396,0.2789249085248406,0.0467700126618922,0.2291966632040539,
36.699999999465945,26.067079671106363,0.3779286723928141,0.0466542159220404,0.235989675796671,
36.79999999946449,26.09709238060022,0.3430661999406051,0.0467734882783092,0.2332055890228619,
36.89999999946304,26.118281063779374,0.2640440136070096,0.0469760985650599,0.2235015064607461,
36.99999999946158,26.137556088061373,0.216002382228301,0.0471285349688247,0.2299591062498132,
37.09999999946013,26.160781584595096,0.2356958520583151,0.0471430945217279,0.2468347370325823,
37.19999999945867,26.192585139496146,0.2889984110497149,0.0471576540746311,0.2480245057321716,
37.299999999457214,26.228806665237,0.3338365148196344,0.0472234554977084,0.2472947688750022,
37.39999999945576,26.251410417277334,0.2687278546772615,0.0473083668005761,0.246525867706553,
37.4999999994543,26.285983043844706,0.3148364844858811,0.0472447717688784,0.280541917578656,
37.59999999945285,26.32326324297987,0.3540109608447226,0.0467690051824809,0.2827693023255547,
37.69999999945139,26.343855021667437,0.2476022897556581,0.0462932385960834,0.2942828821142744,
37.79999999944994,26.36478155488875,0.2380193654838244,0.0457681267763547,0.2972155437178629,
37.89999999944848,26.383664164914435,0.1981634511630941,0.0452251917841871,0.3122211283585948,
37.99999999944703,26.400494964795367,0.1713508401951863,0.044790716580552,0.3338749746270929,
38.09999999944557,26.427293859903678,0.2443402737686847,0.0446572851196627,0.3512334209556826,
38.19999999944412,26.449150314890787,0.2248037617914973,0.0445238536587734,0.4056130478077129,
38.29999999944266,26.47470659274888,0.2414782767530801,0.0443887358691105,0.404986637858102,
38.39999999944121,26.503380799204404,0.2717946870544417,0.0442530325841062,0.4033005446280657,
38.49999999943975,26.54314929854281,0.3502554680648437,0.0442322160229869,0.4114631814690805,
38.599999999438296,26.581447651508665,0.3751067391156327,0.0445332923986251,0.4002287734627079,
38.69999999943684,26.603044717646387,0.2775456677331725,0.0448343687742633,0.408773583938551,
38.799999999435386,26.63022395534101,0.2526966024067724,0.0454651942135011,0.4035006054678417,
38.89999999943393,26.651483278467797,0.2277345325779191,0.0462067417439105,0.4150186342471866,
38.99999999943248,26.67626957978664,0.2383966715098559,0.0467938596975511,0.4124752525108752,
39.09999999943102,26.711332210546043,0.3139734581478328,0.0469511384804,0.4124832849279131,
39.199999999429565,26.749949653841185,0.3491498376634528,0.0471084172632489,0.4102322521312472,
39.29999999942811,26.75170835266709,0.128329514378514,0.0471730073827063,0.3996798262073697,
39.399999999426655,26.78253612549865,0.2521579475693153,0.0471991043578982,0.4066246017080007,
39.4999999994252,26.809762191862088,0.2586851189394332,0.0471740519229716,0.4168161030732625,
39.599999999423744,26.828673622261576,0.2058486050606513,0.0470049276665086,0.4061159791005261,
39.69999999942229,26.848094620256123,0.1943048357168283,0.0468358034100456,0.3932601748778523,
39.799999999420834,26.86469579364229,0.1774666861336156,0.0457761027036678,0.3445637861706462,
39.89999999941938,26.89659143284468,0.2745222769279689,0.0444480155673249,0.3289501954300874,
39.99999999941792,26.94288180612927,0.3993546713668616,0.0431778001248905,0.2264595360863423,
40.09999999941647,26.977206009311814,0.3557668929865129,0.0420696510587723,0.1916203728663925,
40.19999999941501,27.005039970108463,0.3035020157426495,0.0409615019926542,0.1926578418410109,
40.29999999941356,27.025160893771467,0.246913331829684,0.0401960695879256,0.197719981316686,
40.3999999994121,27.06461294550333,0.3223332054198506,0.0395361206750613,0.206171822529653,
40.49999999941065,27.09111314100876,0.2763852053803383,0.0391274931647407,0.2124065852999874,
40.59999999940919,27.109848944352965,0.1897918601140563,0.0395261395610328,0.2172503186263225,
40.69999999940774,27.118790557274487,0.17422124706176,0.0399247859573248,0.264661966198859,
40.79999999940628,27.155952275677933,0.149991687088426,0.0406734968502387,0.3059863306073707,
40.89999999940483,27.140622807693603,0.1387825764761799,0.0415356053376914,0.3190695782338858,
40.99999999940337,27.20320179923749,0.4796129540692381,0.0422810505687237,0.3290690715937811,
41.09999999940192,27.20026215175769,0.0966912831554189,0.0426727620732799,0.3285818285507879,
41.19999999940046,27.20898337697049,0.1003396141859863,0.0430644735778361,0.3469219003696652,
41.299999999399006,27.18980921554652,-0.1178575652459345,0.0434557782922336,0.3637585322796815,
41.39999999939755,27.178194372695977,-0.1038623026699647,0.0438469471616264,0.360909167420149,
41.499999999396096,27.15186414168806,-0.236478725066151,0.0442626255328983,0.359749845077209,
41.59999999939464,27.154975174151087,-0.080682727076284,0.044752630788797,0.3643133480600259,
41.69999999939319,27.16411466375796,0.0662995129557766,0.0452426360446958,0.3992983592015202,
41.79999999939173,27.1795626598176,0.1575925204809057,0.0467108791729993,0.3548382218812485,
41.89999999939028,27.188636342253872,0.1244030833769983,0.0484778081160873,0.375341805984212,
41.99999999938882,27.20621261851572,0.175141978949869,0.0497130365719764,0.3709568002144872,
42.09999999938736,27.23431547130296,0.2419061167483284,0.0492630740072873,0.3250368834206595,
42.19999999938591,27.258389900717315,0.2441301936382169,0.0488131114425981,0.2651038896647089,
42.29999999938445,27.26855105309801,0.1577136069153644,0.0482516734313675,0.1519453784224562,
42.399999999383,27.256756570320547,-0.0338471092390096,0.0476510152743417,0.1437715471027033,
42.49999999938154,27.25198189915564,-0.0252130962264622,0.0472431426623741,0.1359454940802696,
42.59999999938009,27.24665657972295,-0.0330683552094866,0.0474423918535541,0.1378804176841961,
42.69999999937863,27.250525874709364,0.0222731530331644,0.0476416410447341,0.1532218233070892,
42.79999999937718,27.24290485373692,-0.0614469645451829,0.0480111909683236,0.1694898144462696,
42.89999999937572,27.27277027220751,0.2379409901344668,0.0484335531155174,0.1885187620146348,
42.99999999937427,27.23000570438775,-0.2942072831540187,0.0491451859260919,0.3001277842228959,
43.09999999937281,27.26492516184604,0.1979611154053081,0.0507500951576711,0.2821946828591115,
43.19999999937136,27.232429812824183,-0.1988529736125532,0.0523550043892503,0.3023271779334295,
43.2999999993699,27.24225283347291,-0.0099074805688294,0.0523782903270136,0.2968740171264156,
43.39999999936845,27.285680387485435,0.2777149821351028,0.0519046363539017,0.3022408228979115,
43.49999999936699,27.265982006410557,-0.0699658505403228,0.0509871459569898,0.3152947507742973,
43.59999999936554,27.361928622712718,0.558958671828393,0.0487104314721016,0.3070596427168584,
43.69999999936408,27.294908954454904,-0.0247976990613596,0.0464337169872133,0.2916994385001217,
43.79999999936263,27.279131685529016,-0.138772736950007,0.0458493225781295,0.2822524798064304,
43.89999999936117,27.223055582177505,-0.4373818623578451,0.0457941592808387,0.3013671399569425,
43.99999999935972,27.119190835016823,-0.7846102934039682,0.0457895234252968,0.3585129541015419,
44.09999999935826,27.085755527340563,-0.4796879072358464,0.0459395286260768,0.3684768804291948,
44.199999999356805,27.087733315683632,-0.1469249189692123,0.0460895338268569,0.3687073223802115,
44.29999999935535,27.098648084537025,0.0146107802487917,0.0452956321279519,0.3700189968417732,
44.399999999353895,27.11665135005547,0.1082721732603728,0.044187165980966,0.3579192677231089,
44.49999999935244,27.1032276049944,-0.0542985687396993,0.0432657098302915,0.3411533943560505,
44.599999999350985,27.068782910858875,-0.2477128561008086,0.0428685128898493,0.3444763185983653,
44.69999999934953,27.05037300236429,-0.200296737314336,0.0424713159494072,0.3395319166721138,
44.79999999934808,27.03351248128534,-0.1599662684093077,0.0428040930275039,0.3372429700921365,
44.89999999934662,27.042578673027247,-0.0048782784762977,0.0433649862173354,0.3381896056067849,
44.99999999934517,27.043374637972377,0.0124845038061466,0.0438359829585031,0.3320011786418386,
45.09999999934371,27.059039746691845,0.0957934119526636,0.0440562193744349,0.3361468046697698,
45.19999999934225,27.0609097516692,0.0349103155879496,0.0442764557903667,0.3337304916445982,
45.2999999993408,27.05060209147041,-0.048973818978522,0.0447788015052638,0.3283467174030625,
45.39999999933934,27.03212688665086,-0.1370153051215735,0.045391954915084,0.3244681729084869,
45.49999999933789,27.002997730341903,-0.2425966071505537,0.0458715872257418,0.3255309393689555,
45.59999999933643,26.979769895833208,-0.2331586311516761,0.0459771321307821,0.3288924737073851,
45.69999999933498,26.951533701592,-0.2648901928217992,0.0460826770358225,0.3293516835380171,
45.79999999933352,26.931574117964495,-0.2072051448370168,0.0460981311105425,0.3263331662543605,
45.89999999933207,26.93532791901548,-0.0488713172891371,0.0460826230269818,0.3300969898009724,
45.99999999933061,26.94304845851937,0.0394552766892969,0.0460081930503778,0.3256210109664876,
46.09999999932916,26.9456253857657,0.0266453076830191,0.045778271961866,0.3327650183932032,
46.1999999993277,26.945510881772822,0.0063174123824584,0.0455483508733541,0.3306227291019398,
46.299999999326246,26.93718503786178,-0.0636869992281966,0.0449314071991334,0.3243454758002553,
46.39999999932479,26.93379599369063,-0.050569292006412,0.0441823765716112,0.3174792053992468,
46.499999999323336,26.915414714383125,-0.1395960999865065,0.0438331444989459,0.3121919975826486,
46.59999999932188,26.89696600490158,-0.1717336721471102,0.0445817586498423,0.3134317122167243,
46.699999999320426,26.8765766526063,-0.1866919908060324,0.0453303728007388,0.3192851060334329,
46.79999999931897,26.84368665116632,-0.2818767678634158,0.0458857552058079,0.3256568864258526,
46.89999999931752,26.832485043699293,-0.1652472329530661,0.0463771280212626,0.3321923089973128,
46.99999999931606,26.820675899436264,-0.1315167572600421,0.0465901027322429,0.3163738215319242,
47.099999999314605,26.80738671822341,-0.1340648124338574,0.0460283978328203,0.3085653041241935,
47.19999999931315,26.79269672914406,-0.1363351292207092,0.0454666929333978,0.2920016605901669,
47.299999999311694,26.77759604783921,-0.1443914230555696,0.0453820193472596,0.2829368892732029,
47.39999999931024,26.770358899550526,-0.0872091651409639,0.045464675646723,0.2801275381358464,
47.499999999308784,26.77082758711488,-0.0329814624919587,0.0454960813063611,0.2632967201111192,
47.59999999930733,26.768256183100647,-0.0313706167939384,0.0453860935793133,0.2567380322877987,
47.699999999305874,26.774780664767565,0.0340898261926022,0.0452761058522655,0.2386788529706121,
47.79999999930442,26.78181618409563,0.0484024960028792,0.0449204430075166,0.2389014078847477,
47.89999999930296,26.78912614646619,0.0703014812855074,0.0444719590747095,0.2296981871443988,
47.99999999930151,26.796415748947,0.0701430241410187,0.0441476721736553,0.2283043384773827,
48.09999999930005,26.804677435060302,0.0816811567736892,0.0441640200666903,0.2102740713687657,
48.1999999992986,26.8212122109648,0.1370029147137494,0.0441803679597253,0.1804179096152439,
48.29999999929714,26.83206762580696,0.1325122636847956,0.0443211698420678,0.1671986283664837,
48.39999999929569,26.84254254887145,0.1009560334297386,0.0445115847817756,0.1659502582303622,
48.49999999929423,26.864003039039307,0.1832728742408082,0.0446493414920966,0.1700861869565053,
48.59999999929278,26.86736341903439,0.0914901446472667,0.0446412284206076,0.174622229579554,
48.69999999929132,26.88329256651048,0.1367856673909334,0.0446331153491187,0.1279992654008585,
48.79999999928987,26.900355091308644,0.1603846155784224,0.0446179373573417,0.1100674383556693,
48.89999999928841,26.904321819604945,0.0678966603391581,0.0446003392816653,0.1096378642245272,
48.99999999928696,26.916781184949052,0.1032242127376776,0.0445629772062436,0.11006868196332,
49.0999999992855,26.928763407235056,0.1239296506318728,0.0444693828228483,0.1237786091488611,
49.199999999284046,26.928187949924325,0.0279726507408391,0.0443757884394531,0.1271503458732591,
49.29999999928259,26.934895618696007,0.0590411152096382,0.0437306829144714,0.1275472036499451,
49.399999999281135,26.92938634556541,-0.0113739762085543,0.0428718085726019,0.1245459752407187,
49.49999999927968,26.92986113663996,-0.0122062645610616,0.0420728295940082,0.1096566888456559,
49.59999999927823,26.91326281641417,-0.1018367065199053,0.0414594277276793,0.1069794822641204,
49.69999999927677,26.90338182654085,-0.1091722924524034,0.0408460258613505,0.1075684415899027,
49.79999999927532,26.90163401360794,-0.0532828963071619,0.0402775885334697,0.1067323478486381,
49.89999999927386,26.891044688096635,-0.0923083178750763,0.0397223825286159,0.1025398265576394,
49.9999999992724,26.88851373024275,-0.0540144903732012,0.0393216989859461,0.0943516068461262,
50.09999999927095,26.890929808329748,0.0110576518728293,0.0394221741240981,0.0891289536201142,
50.19999999926949,26.891684595848577,0.0046847274886384,0.0395226492622502,0.1073420014598846,
50.29999999926804,26.898398826002936,0.0418604605728519,0.0390798127903144,0.1081948377711189,
50.39999999926658,26.89659546336236,-0.0032109391166652,0.0384638817572919,0.1277886560104393,
50.49999999926513,26.89019634869245,-0.0440701688238467,0.0376932354352601,0.1213893055722835,
50.59999999926367,26.88612331324214,-0.0345490575792814,0.036451534578778,0.1242295752073437,
50.69999999926222,26.87982821918696,-0.0549062065246324,0.0352098337222959,0.1158788685680453,
50.79999999926076,26.87804724469857,-0.0330183854321594,0.0343614015790302,0.1348052923527698,
50.89999999925931,26.87606141175133,-0.0282706011805627,0.0336489081396078,0.1386478338775557,
50.99999999925785,26.872373276489668,-0.0472282274690387,0.033257916908917,0.1770422345616431,
51.0999999992564,26.863342785073133,-0.0720826908171503,0.0338803494795964,0.308711028124203,
51.19999999925494,26.842593554913893,-0.1482166715793692,0.0345027820502757,0.3057769452464213,
51.29999999925349,26.83038144156002,-0.1300865480613669,0.0339785852577895,0.3114207325035476,
51.39999999925203,26.83131409713441,-0.0340602571102501,0.033091343236727,0.3024082474219114,
51.499999999250576,26.821194634233755,-0.0777240485127351,0.0320991309794905,0.3005040661940984,
51.59999999924912,26.81905552094357,-0.0381801789561605,0.0307786608671464,0.266332172176435,
51.69999999924767,26.811046590752778,-0.0729476046363301,0.0294581907548023,0.2451352208904707,
51.79999999924621,26.792843291622432,-0.1558682941993551,0.0288796307058405,0.2151780227530983,
51.89999999924476,26.775987092817427,-0.1431198782733994,0.0285661548137817,0.2070867987445674,
51.9999999992433,26.76165811301407,-0.1538923297317402,0.0288471592755619,0.1487405076372804,
52.099999999241845,26.758111548730223,-0.0453558812195501,0.0309374005060421,0.0976496957868591,
52.19999999924039,26.743510680991104,-0.1116510796251752,0.0330276417365223,0.080583193663643,
52.299999999238935,26.774231950713556,0.1267448145705364,0.0350272876684818,-0.0110616600133859,
52.39999999923748,26.788603256705343,0.1166603134333068,0.0369986164735396,-0.0025187062576733,
52.49999999923602,26.808214069817858,0.2086498697162919,0.0389151921789718,-0.0029083164603196,
52.59999999923457,26.80565382554057,0.0641087979975598,0.0406567550840674,0.0078883314697012,
52.69999999923312,26.80751452378572,0.0696697193829648,0.042398317989163,0.0200737910715861,
52.79999999923166,26.763627023745148,-0.3484277580293397,0.0431518465693471,-0.0147983226978769,
52.89999999923021,26.817046309570674,0.21566033928933,0.0435640499782318,-0.0448183904848504,
52.99999999922875,26.82138719328064,0.1771255119456074,0.0438715765609712,-0.0525993468544801,
53.09999999922729,26.86518262304356,0.3273526759684831,0.0438642860508975,-0.0558678594074138,
53.19999999922584,26.90210063094637,0.3802257383041401,0.0438569955408237,-0.06601978511945,
53.29999999922438,26.91909123737748,0.2459453812918716,0.043081894622751,-0.0667311673446001,
53.39999999922293,26.89620496532055,-0.0962801616191564,0.0420664222913813,-0.0504323295830378,
53.49999999922147,26.90495309525737,-0.0549138223636757,0.0412866534348321,-0.0369454417150697,
53.59999999922002,26.91806232787313,0.0235788631999237,0.0412214646410576,-0.0400687849900247,
53.69999999921856,26.923765944425558,0.0409104411208241,0.0411562758472831,-0.0407746714772492,
53.79999999921711,26.98628946393733,0.4564457209458034,0.0399850951427134,-0.0177651119211186,
53.89999999921565,26.956041575762036,-0.1429016085904278,0.0384680469870417,0.0348561734871395,
53.9999999992142,27.03118589848484,0.387442573087648,0.0369282941774432,0.0150415489591176,
54.09999999921274,27.02381724798175,0.0745528534968799,0.035320417949821,0.0110196319903951,
54.199999999211286,26.996411306087182,-0.1597726905574421,0.0337125417221989,0.0023463602150455,
54.29999999920983,26.99016274651183,-0.08194594317021,0.0324446190546343,-0.0068390347520502,
54.399999999208376,26.97966940871393,-0.0915186859462019,0.031290653320913,-0.0184363991261449,
54.49999999920692,27.028334452235125,0.295045811121375,0.0303813594157012,-0.0361715539120209,
54.599999999205465,27.049337529664825,0.2283102509787144,0.0301841552280849,-0.0340031360379397,
54.69999999920401,27.067341771862065,0.1664828207154888,0.0299869510404686,-0.0346723823738115,
54.79999999920256,27.078863645326848,0.115716744552307,0.0297338302476845,-0.0338030761575844,
54.8999999992011,27.075651268080986,0.0318273432036758,0.0294615510929688,-0.0341272296823881,
54.999999999199645,27.094505892219697,0.1360026985980781,0.0295735830092519,-0.0342326506256181,
55.09999999919819,27.111036925989296,0.1621342142596142,0.0307931825424295,-0.040505069541641,
55.199999999196734,27.12415252060935,0.1447309965327494,0.0320127820756071,-0.0313400957524089,
55.29999999919528,27.135022990038348,0.1058675977925863,0.0329259795386251,-0.0224118445049738,
55.399999999193824,27.129523232430643,0.0311435482436428,0.0337109021034838,-0.004384573181048,
55.49999999919237,27.134969561492422,0.0467448783048375,0.0341769883075961,-0.0070660393919018,
55.59999999919091,27.12853119086695,-0.0198056440815834,0.0337560908963935,-0.0131372064041051,
55.69999999918946,27.137844457202277,0.0441318223159636,0.033335193485191,-0.0130311906134721,
55.799999999188,27.136075207697846,0.0019636310736751,0.0325674900537179,-0.0031310412308115,
55.89999999918655,27.134281358417493,-0.0063089795859496,0.0316629831170898,-0.0133680667854504,
55.99999999918509,27.147913369003344,0.0986202194143276,0.0308650737571407,-0.0168967026694676,
56.09999999918364,27.149271439391423,0.034744767660367,0.0303649558075723,-0.028703887644581,
56.19999999918218,27.16604609831003,0.1264079921023911,0.029864837858004,-0.0416980986966268,
56.29999999918073,27.16533155106268,0.0353694803552569,0.0297842054739898,-0.0294891197546907,
56.39999999917927,27.16010218309093,-0.0245484021709099,0.0298784230533087,-0.0249589782171624,
56.49999999917782,27.16275415767433,0.0167617027841202,0.029962205407156,-0.02300714274076,
56.59999999917636,27.152973675070264,-0.0559026385628051,0.0300132100947821,-0.0214889761178488,
56.699999999174906,27.15496417482808,-0.0005861175526497,0.0300642147824082,-0.0211722061716145,
56.79999999917345,27.14221703101162,-0.085478435711327,0.030933013526417,-0.0205740537450527,
56.899999999172,27.13831092116334,-0.0642782510067247,0.0321453709187944,-0.0153515634619482,
56.99999999917054,27.141999463170432,0.0073820552989586,0.0333342852767099,-0.0149302035572995,
57.099999999169086,27.12054486310989,-0.1503608493427186,0.0344580021043368,0.0049656144879322,
57.19999999916763,27.10170842546667,-0.1667692453912497,0.0355817189319636,0.001619593035751,
57.299999999166175,27.080760409952845,-0.2081496710223798,0.03556524247533,-0.0055778551002094,
57.39999999916472,27.04594638176933,-0.3059086381531367,0.0351536103833747,-0.0151386558296916,
57.49999999916327,27.03348159309612,-0.1659250789030477,0.034799359765627,-0.0162879627717163,
57.59999999916181,27.00898507420552,-0.2225559248508244,0.0346038511392008,-0.0182011410073689,
57.699999999160354,26.999517295017363,-0.1505501976147122,0.0344083425127745,-0.0267401934806396,
57.7999999991589,26.971685172596825,-0.237241364140131,0.0341140387651718,-0.0224225912902201,
57.89999999915744,26.937107595701026,-0.3102113087484969,0.033782846849403,-0.0165648352638058,
57.99999999915599,26.919314961212287,-0.2207673398461993,0.033400760335745,-0.0218762016242656,
58.09999999915453,26.884769760130983,-0.2972060181579017,0.032874476639175,-0.0205002609454485,
58.19999999915308,26.863801896766475,-0.2407628433994247,0.032348192942605,-0.0211444697986453,
58.29999999915162,26.85002699504158,-0.1655221809645924,0.0314171742603129,-0.0205743265530006,
58.39999999915017,26.834212115265657,-0.1756968037368576,0.0303572293968117,-0.0469200167468484,
58.49999999914871,26.82970330444308,-0.0834947791043198,0.0293792835893507,-0.0588832630512691,
58.59999999914726,26.813413537267497,-0.1282988061037598,0.0286639708361744,-0.068748925317099,
58.6999999991458,26.81505420429482,-0.0448390435316955,0.0279486580829981,-0.0596022890393577,
58.79999999914435,26.815960091038463,0.0119041976470758,0.0278627417726357,-0.0539342677423492,
58.89999999914289,26.791714932767288,-0.1464195530459746,0.0280437904670961,-0.0514925869010938,
58.99999999914144,26.794536533426584,-0.0379570274449634,0.0282839711786779,-0.0494664055601662,
59.09999999913998,26.7769233508218,-0.1266334937490672,0.028710161226838,-0.0408030270864752,
59.19999999913853,26.76087996176659,-0.1550218800244346,0.0291363512749981,-0.0223612088540518,
59.29999999913707,26.76488760443469,-0.0334570066467779,0.0296483990038965,-0.0119720407509003,
59.399999999135616,26.73583509855983,-0.1958450253051706,0.0301903184712246,0.0058369514082099,
59.49999999913416,26.71972340811245,-0.1814877108774253,0.0306156975592098,0.0117781485704316,
59.59999999913271,26.70439657092241,-0.1522537128000936,0.0306763318767226,0.0267322982052182,
59.69999999913125,26.675101205785488,-0.2520090067077953,0.0307369661942353,0.0360616849397283,
59.7999999991298,26.65958422025293,-0.1909493486718297,0.0307381457553271,0.0436580974255946,
59.89999999912834,26.623672805131445,-0.289923915914757,0.0307171370647811,0.0390241867349031,
