t,vEgo,aEgo,roll,targetLateralAcceleration,steerCommand
0.0,31.374128341674805,0.1504697799682617,-0.0106285485233294,0.1730743256593795,-0.1732564124527678
0.1000000000058207,31.368162017126604,0.0016318450365807,-0.0107684649939422,0.1716704468341034,-0.17326337700487063
0.2000000000116415,31.38649006448832,0.1037354081111475,-0.010908381464555,0.172219208535386,-0.17421048602752542
0.3000000000174623,31.39848517582696,0.1342156773196282,-0.0110482979351678,0.1736592235090568,-0.17565454548001908
0.400000000023283,31.402951783188858,0.0570173939980539,-0.0111440747633838,0.1742008300385587,-0.1764219232734053
0.5000000000291038,31.420312767380715,0.1240950794526436,-0.0112345710803102,0.148358677778128,-0.16310590208676592
0.6000000000349246,31.41178828920914,-0.0022821786758818,-0.0112813572046029,0.149637846244441,-0.1640618132362626
0.7000000000407454,31.42186635378877,0.0346928177366398,-0.0112670426604308,0.1416637388434759,-0.15970881172619802
0.8000000000465661,31.429532417893835,0.0767023701407463,-0.0112527281162587,0.0897231987735184,-0.13189223018398274
0.9000000000523869,31.42624966582565,0.0100875279660726,-0.0112774925679619,0.0795755908636478,-0.12659939387652583
1.0000000000582077,31.42918184731645,0.0103069183189008,-0.0113074955331749,0.0771147698503069,-0.1254304166133832
1.1000000000640284,31.439425687984777,0.0757181903428606,-0.0114826175372314,0.0533153369066087,-0.113562308628721
1.2000000000698492,31.44499786972933,0.0625071959085243,-0.0118700060312056,0.0186190271890658,-0.09694754790373607
1.30000000007567,31.459498170213795,0.1023637161947483,-0.0122573945251797,-0.0363434743604994,-0.06935445644735114
1.4000000000814907,31.47195557306748,0.1123464742919572,-0.0124308582150146,-0.0508126041598821,-0.062445972987287615
1.5000000000873115,31.476403150302936,0.0570748607258502,-0.0125782999690058,-0.0726637622146957,-0.05142267264165958
1.6000000000931325,31.48011618837825,0.0366068092160938,-0.0125691109637418,-0.124543781529838,-0.02332527679677438
1.700000000098953,31.47298021334333,-0.0550712407899367,-0.0123380730524676,-0.2027078413788497,0.020195855503378733
1.8000000001047738,31.485624317748915,0.0487843989306362,-0.0121070351411933,-0.2153718054456453,0.02826474750780103
1.9000000001105943,31.49419714973404,0.0922623585834731,-0.0116037867163344,-0.2078734228304654,0.026874134424630373
2.0000000001164158,31.509550641534087,0.1399860581940373,-0.0110664479431338,-0.2362217979639418,0.04502745854833989
2.100000000122236,31.52545039368569,0.1682561463662399,-0.0107247685807941,-0.2275027314264963,0.04211333325710541
2.200000000128057,31.536939939406462,0.1454755689423836,-0.0106617400473725,-0.2882258077283812,0.07516835455995209
2.3000000001338776,31.541859290466512,0.0597080224349318,-0.0105987115139508,-0.2951879393722882,0.07923842864102905
2.4000000001396984,31.550451943754013,0.0824506634674219,-0.0104532997387599,-0.2811823672741534,0.07245467564073356
2.500000000145519,31.54896141809049,0.0313027863216207,-0.0102983703468582,-0.2719287804545964,0.06829366398651986
2.60000000015134,31.54640302602742,-0.0101631449333529,-0.0101989534169408,-0.2524976786097911,0.05835469793296833
2.7000000001571607,31.56062128677823,0.0921739739805121,-0.0101765313707642,-0.2199015328395325,0.0408795311861957
2.800000000162981,31.556445524123674,-3.165688612358521e-05,-0.0101541093245876,-0.1784632031957039,0.01863334872194825
2.900000000168802,31.56499095422022,0.0509892211097601,-0.0103390000734542,-0.1848768934791389,0.021113231643263692
3.000000000174623,31.55855260024729,-0.020069249649597,-0.0105465468769942,-0.1133934299380169,-0.018590774578237424
3.100000000180444,31.55770554408991,-0.0140651033959232,-0.0108331419247848,-0.0303523517209523,-0.06490094588499762
3.2000000001862645,31.567543438419364,0.0587288944054049,-0.0112307416264965,0.0017643432853204,-0.08425862649923409
3.3000000001920853,31.566672688200384,0.0188741676266021,-0.0116283413282083,0.0341069791337398,-0.10370908207431798
3.400000000197906,31.575216603036463,0.0494546509578358,-0.0121176719406802,0.0406227644653492,-0.10974856279755774
3.500000000203727,31.58285720975659,0.0726856168651279,-0.0126174962150907,0.0468920367733136,-0.11570550251098083
3.600000000209548,31.58161133139229,0.0196930208892699,-0.0130629177180557,0.1316563358940509,-0.16315363153448012
3.700000000215368,31.58579793293049,0.028461757736223,-0.0134267006767033,0.1245241630731667,-0.1612501210550959
3.800000000221189,31.59483326684115,0.0764651223766595,-0.0137904836353509,0.142035260219451,-0.1723667315255025
3.90000000022701,31.59734761246983,0.0366287890090746,-0.0142427166669335,0.1697547482589033,-0.18930457302391987
4.000000000232831,31.60320694411493,0.0542638993825794,-0.0147055838747196,0.1751926165437743,-0.19452144076106986
4.100000000238651,31.60588129004862,0.029731612537872,-0.0151249504418571,0.2074029368418398,-0.21352593618866805
4.200000000244472,31.6061649267729,0.0038109029258348,-0.0154790706323557,0.1929879026362115,-0.20780779098847652
4.300000000250293,31.611136758306788,0.0340725219079731,-0.0158331908228543,0.2174536919359595,-0.2223595077185535
4.400000000256114,31.6105372896465,0.0132266693867004,-0.0161112239922591,0.2117000455267177,-0.22078694887205763
4.500000000261935,31.60621629490159,-0.0331347116238184,-0.0163824508274182,0.2048006167587394,-0.21860059856558461
4.600000000267755,31.61677841223284,0.0638628119771643,-0.0166552786106662,0.202132800626938,-0.2185512789268047
4.700000000273576,31.61678607110524,0.0149323292668583,-0.0169303774799652,0.1866257098166562,-0.2118701629923482
4.800000000279397,31.62830748526987,0.065649126154317,-0.0172054763492643,0.1844198210075944,-0.21207053325716796
4.9000000002852175,31.62580973891719,0.0278623507075752,-0.0173621446495837,0.1710101425314429,-0.20587921956235933
5.000000000291038,31.60880740811749,-0.0801720181082571,-0.0175066492844226,0.1561382224825869,-0.198913738448105
5.100000000296859,31.60543282332494,-0.0579866851851265,-0.017584972959618,0.1562433466255219,-0.1993872334771762
5.20000000030268,31.61566510920296,0.0417063736083774,-0.0175655987489204,0.1389872243025588,-0.19018363908361627
5.300000000308501,31.61487819354618,-0.0198749455806222,-0.0175462245382228,0.1143272848446726,-0.17710491821239155
5.400000000314321,31.63597502166021,0.1314686904730075,-0.0172602251490844,0.0656720600247082,-0.14980306606594448
5.500000000320142,31.63112735376668,0.0279633782815763,-0.0169446189363592,0.0417214558987758,-0.13544807456998384
5.600000000325963,31.62529534916979,-0.0339163400325995,-0.0165775983682747,0.0460698270419974,-0.1358647240900669
5.700000000331784,31.62463489977437,-0.0153935800016744,-0.01613397730142,0.0296641252227026,-0.12480832953148693
5.800000000337604,31.621990228311585,-0.0126006600720164,-0.0156903562345653,0.0251314498975095,-0.12007579621080343
5.900000000343425,31.628190695165078,0.0419288592977033,-0.0154125309363731,0.0083239395792012,-0.10962462242541991
6.000000000349246,31.63418716899092,0.0550043408859689,-0.0151557892369698,-0.0110127862827273,-0.09791616304023722
6.100000000355067,31.63716642392921,0.0205507994846949,-0.0148660130627711,-0.0181913014292431,-0.0925416474461075
6.200000000360888,31.655195216042834,0.0968441183335829,-0.0145262400128368,-0.0329510858037955,-0.08280602236858238
6.300000000366708,31.672710281486797,0.1580883346960108,-0.0141864669629024,-0.0394718449454054,-0.07748859488415681
6.400000000372529,31.6833217988618,0.1286330459731612,-0.0137753770352986,-0.0509929351276952,-0.06912507701490064
6.50000000037835,31.69292398349197,0.1012247252218026,-0.0133572100956662,-0.06266433655193,-0.060642145427578564
6.600000000384171,31.693352876847054,0.0141409015118909,-0.0129420860988876,-0.0605927508125381,-0.05956719806186248
6.700000000389991,31.705049495785097,0.0663058824507439,-0.0125315432047824,-0.0584077515666141,-0.058561917521450756
6.800000000395812,31.719299525438974,0.1343430028357048,-0.0121210003106771,-0.090364601284531,-0.039212213613537474
6.900000000401633,31.73306941615822,0.1453522678948442,-0.0118029757399787,-0.1092709680496817,-0.027360186377085826
7.000000000407454,31.751336521887783,0.1597694734674473,-0.0114955051445552,-0.1153079511200032,-0.02248268066848805
7.100000000413274,31.77112697228683,0.1860820662511294,-0.0112845692679348,-0.1129653935551733,-0.022619284367475456
7.200000000419095,31.78297557784349,0.1440778022295349,-0.0112184139779663,-0.1008992938936898,-0.02874502295781442
7.300000000424916,31.78980618820155,0.0749414617144166,-0.0111522586879977,-0.1107263232201827,-0.023114974820326234
7.400000000430737,31.8087327619754,0.1631409573322663,-0.0111664927063981,-0.1087852274849921,-0.02422179276438084
7.500000000436557,31.818777712479,0.1450247172837581,-0.0111881833940822,-0.107550706576682,-0.024992870382715745
7.600000000442378,31.825388790386445,0.0973201899848725,-0.0112668043791959,-0.0906968514710049,-0.03444429970323443
7.700000000448199,31.825896931198677,0.0440691839427237,-0.0114339981747933,-0.0869212016553568,-0.037348368161223035
7.80000000045402,31.82883870593569,0.0400874448072456,-0.0116011919703906,-0.0883531218024647,-0.03745744011779316
7.90000000045984,31.83816579056817,0.0622796938870127,-0.0115790646721619,-0.0921475848498857,-0.03529863680989203
8.000000000465661,31.848409322612348,0.0880530673833891,-0.0115344997516862,-0.0686999293498522,-0.04762054431146251
8.100000000471482,31.85430135932928,0.0715634554180046,-0.0115412258849087,-0.0650314380692074,-0.04961400307567759
8.200000000477303,31.862357484659213,0.0945785338621944,-0.0116249829330644,-0.0642086325816102,-0.05048515601048359
8.300000000483124,31.86639528227981,0.0691971558098075,-0.0117087399812201,-0.067277050588913,-0.04927764540966324
8.400000000488944,31.86894164114313,0.0244165399796899,-0.0117181110489725,-0.0562175526674815,-0.05524309541231462
8.500000000494765,31.87585443795204,0.0448451734052278,-0.0117204424836174,-0.043599421125594,-0.061995316404578636
8.600000000500586,31.88238612097344,0.0645891321100966,-0.0117829363612617,-0.0202794271278931,-0.07477298281004252
8.700000000506407,31.88637581569844,0.0285896677710589,-0.0119385352750582,-0.009132120252177,-0.08152978303366365
8.800000000512227,31.90293350589273,0.1089446105114932,-0.0120941341888548,-0.0112471298197436,-0.0811846989965702
8.900000000518048,31.91625665089355,0.1415446442400427,-0.012407085456392,-0.0160445197004661,-0.08023869019363951
9.000000000523869,31.92419515435323,0.0873645555105523,-0.0127351257621677,-0.0211331522793608,-0.07922663982953243
9.10000000052969,31.94050907610168,0.1262010956938885,-0.0129366091252368,0.0191953631052774,-0.10171103546540265
9.20000000053551,31.93607049441758,0.0181422519038523,-0.0129385153894656,0.0456114661916296,-0.1157540841540496
9.300000000541331,31.926513833713024,-0.0645755029123709,-0.0129404216536944,0.0388610569016574,-0.11220834943816017
9.400000000547152,31.92670893602965,-0.0094677612325691,-0.0130554477693418,0.0475519784351305,-0.1174163085166332
9.500000000552973,31.925852101713755,-0.0006194174535889,-0.0131813842208214,0.1027670966334688,-0.14726601963575026
9.600000000558794,31.92501916517576,-0.0257342020742237,-0.0133635197972999,0.1058921804180982,-0.14985735477522416
9.700000000564614,31.928798586358564,0.0120649775156803,-0.0136302913064556,0.0858968051733956,-0.14067993350214264
9.800000000570437,31.920259341833194,-0.04982890577312,-0.0138970628156113,0.0734570183104003,-0.1355188281448639
9.900000000576256,31.9158383523127,-0.0550566231651223,-0.0139977165010242,0.0697986049593763,-0.13412061376365625
10.000000000582077,31.91118747026044,-0.045420482743194,-0.0140782146165105,0.0668447437247658,
10.100000000587896,31.902043408196125,-0.0683457979151789,-0.014095559483049,0.0665743308275713,
10.200000000593718,31.884356310963927,-0.1431567005908246,-0.0140176721908539,0.0681718974632138,
10.30000000059954,31.875100266928055,-0.1070986518242656,-0.0139397848986587,0.054989828771025,
10.40000000060536,31.857940663886083,-0.1671950527246969,-0.0137903781046037,0.0409462717108798,
10.50000000061118,31.843236900268057,-0.1545878738597354,-0.0136337351857699,0.0418637204662686,
10.600000000617,31.82720380907362,-0.1452316111516674,-0.0136496484749795,0.045008788127779,
10.700000000622822,31.810046008604942,-0.1576734435008657,-0.0139197294387009,0.0492034868200792,
10.800000000628645,31.800573956051643,-0.1327603870034258,-0.0141898104024224,0.0166522834415908,
10.900000000634464,31.79761787102861,-0.0624386647335448,-0.0142995959419757,0.0124004763637637,
11.000000000640284,31.76693312120495,-0.2058224223806693,-0.014390222985754,0.0135170870503714,
11.100000000646103,31.73557572945372,-0.2945127805600179,-0.0144377985673403,0.0192230506849226,
11.200000000651926,31.704277088691285,-0.2966484210164917,-0.0144183545605943,0.0207903434891052,
11.300000000657748,31.66289184718921,-0.3771881094760485,-0.0143989105538483,-0.0045769373392669,
11.400000000663567,31.63683176117362,-0.2888831319173672,-0.0143832024432836,-0.0039614989466016,
11.500000000669388,31.59826367078324,-0.3415510765370196,-0.0143679945827082,0.0001345166893023,
11.600000000675209,31.56670638489824,-0.3395472424307533,-0.01445145872516,-0.0268328101621461,
11.70000000068103,31.546468749912886,-0.2553892130894579,-0.0146812475143957,-0.0303600193514087,
11.80000000068685,31.513992906788616,-0.305586551279851,-0.0149110363036313,-0.0600834562064722,
11.900000000692671,31.48674197380105,-0.299202829387901,-0.0150380396964824,-0.064140472707864,
12.000000000698492,31.45423017051879,-0.3115585732048699,-0.0151513730477276,-0.0675167987387646,
12.100000000704313,31.412744293772636,-0.3678910228690621,-0.0152910611506682,-0.0722628174760782,
12.200000000710132,31.38021811042006,-0.3385707535285196,-0.0154703743835998,-0.0770845479988554,
12.300000000715954,31.34582329322697,-0.3308663769518677,-0.0156496876165315,-0.0813852141854478,
12.400000000721777,31.3237924127474,-0.2828317585540597,-0.0158161920014426,-0.0718450106096661,
12.500000000727596,31.309318770865303,-0.1858640295549937,-0.0159811572376817,-0.0693517229886704,
12.600000000733417,31.2761851180949,-0.2733677514755894,-0.0160609815274913,-0.0560655770882141,
12.700000000739236,31.257450669853917,-0.2144893909728975,-0.0160131633699746,-0.0551512208868606,
12.800000000745058,31.226470734585387,-0.2652376148531598,-0.0159653452124578,-0.0458190002784904,
12.90000000075088,31.21180947788321,-0.1917322140645938,-0.0160953499483534,-0.0482923722463255,
13.0000000007567,31.19239570268286,-0.1711577169700034,-0.0162416201680384,-0.0510426306353514,
13.10000000076252,31.174720150158844,-0.1734868828485683,-0.0164617830854105,0.0337807467217733,
13.20000000076834,31.16055727658449,-0.1650759695209849,-0.016797864804772,0.0279669880986834,
13.300000000774162,31.155651382478943,-0.079814373882122,-0.0171339465241334,0.0380762729421767,
13.400000000779984,31.141247177586003,-0.1259234225840391,-0.0175274921259106,0.0367035359179896,
13.500000000785803,31.138062391025567,-0.0721772419143387,-0.0179266827554813,0.0345433430933989,
13.600000000791624,31.131904679780742,-0.0704157668968179,-0.018306658708919,0.0447742632709388,
13.700000000797443,31.125522805667,-0.0793096602959381,-0.0186575029299327,0.0407751909062022,
13.800000000803266,31.127590446346066,-0.0197721196220557,-0.0190083471509463,0.0363853768527507,
13.900000000809086,31.129665443767152,0.0064359445294836,-0.0191391268966545,0.0340540124292649,
14.000000000814907,31.134791772532516,0.0263318480595777,-0.0192437052157262,0.0332789165154341,
14.100000000820728,31.138944396638266,0.0397049471080336,-0.0193029363655124,0.0327725143152703,
14.200000000826549,31.134422334949832,-0.0220050370699378,-0.0192920103287264,0.0307797775938424,
14.30000000083237,31.134769404056147,-0.004141673159466,-0.0192810842919404,0.0322861526299456,
14.40000000083819,31.137140146510664,0.0216934119934199,-0.0192531495442868,0.0344011871455763,
14.500000000844013,31.143420557796272,0.0567079738806885,-0.0192231561964631,0.0373814009213911,
14.600000000849832,31.146688375342528,0.0613873172853781,-0.01922344097457,0.0408743107474398,
14.700000000855653,31.160904579707147,0.1072606586754264,-0.0192694955532896,0.0422883744545685,
14.800000000861472,31.183689173251437,0.1808124077559602,-0.0193155501320091,0.0318772558563877,
14.900000000867294,31.20288724142964,0.1815033290654511,-0.0190735361100318,0.0188361597730759,
15.000000000873117,31.221218713835107,0.1732734940149555,-0.01879308123499,0.0189827209607919,
15.100000000878936,31.233850647866603,0.16517419027083,-0.01851203073161,0.0222804971682992,
15.200000000884756,31.22890487772369,0.0195677577782577,-0.0182300592672041,0.0173448174543137,
15.300000000890575,31.238052500648337,0.0712684364032454,-0.0179480878027982,0.0139617841561753,
15.400000000896398,31.249181326977304,0.1111406158064891,-0.0176320855586802,-0.0022401329567348,
15.50000000090222,31.264718327107296,0.1217736255315676,-0.0173117321976322,-0.0407017246889904,
15.60000000090804,31.292232809084908,0.2259179861294258,-0.0170641739926199,-0.0673900249886691,
15.70000000091386,31.29699536072285,0.1247128847516431,-0.016923407978021,-0.0652926822060001,
15.80000000091968,31.313322536047632,0.140287137405313,-0.0167826419634221,-0.0757464209157672,
15.900000000925502,31.327821060427997,0.1224478354826243,-0.0164971202662937,-0.0772524277154036,
16.000000000931323,31.35073807034314,0.1769798845710724,-0.0161948140186515,-0.0773329106030224,
16.100000000937143,31.362901439030317,0.1482815688258728,-0.0159461900228812,-0.0807701547069199,
16.200000000942964,31.378788780450694,0.1583387364258413,-0.0157731817859905,-0.0739950757903686,
16.300000000948785,31.393184847000352,0.1434062278468275,-0.0156001735490999,-0.0792383377446724,
16.400000000954606,31.40694060323443,0.1409747291939102,-0.0153435496242877,-0.0765610262283754,
16.500000000960426,31.413288215842357,0.1037713641004464,-0.0150773512527309,-0.0725150096705562,
16.600000000966247,31.413956277507204,0.0274835219866845,-0.0148870809111633,-0.0730905471987776,
16.700000000972068,31.433931018305,0.1307540906510772,-0.0148022728016038,-0.0696546838953859,
16.80000000097789,31.44514814097332,0.116406621112925,-0.0147174646920442,-0.0676356486627361,
16.90000000098371,31.46108090043881,0.1588798351289214,-0.0149143109628515,-0.0598874906967327,
17.00000000098953,31.47365632067451,0.1319538860131036,-0.0151475994987806,-0.0678329335857475,
17.10000000099535,31.49158782578369,0.1546856864351213,-0.0153775939593929,-0.0601819294648594,
17.20000000100117,31.50909672870121,0.1758101630924784,-0.0156029066585096,-0.0733748770606317,
17.300000001006993,31.51934046073607,0.124704089771976,-0.0158282193576262,-0.0622811899267899,
17.400000001012813,31.535624425243427,0.134499295082123,-0.0160484867980496,-0.0777239261457733,
17.500000001018634,31.54700611570132,0.1183469384866057,-0.0162681487536802,-0.0676579848351068,
17.600000001024455,31.553515531103425,0.088658333504185,-0.0164837754012594,-0.0449064528185006,
17.700000001030276,31.55960639081041,0.0736569694275541,-0.0166933795608837,-0.0463300172713426,
17.800000001036096,31.556311362242305,0.0178014439982995,-0.0169029837205081,-0.0253025483859022,
17.900000001041917,31.55149828146462,-0.0130967310749432,-0.017215583930309,-0.0294950185944756,
18.000000001047738,31.549952561607864,0.0072337790123734,-0.0175420697967039,-0.0184995702823559,
18.10000000105356,31.545542506873968,-0.0086365695546735,-0.0177927222371221,-0.0223753164394563,
18.20000000105938,31.53847582873629,-0.0648476912165726,-0.0179360217895409,0.0145011133041127,
18.3000000010652,31.524903986488848,-0.1183638749175357,-0.0180793213419597,0.0419058535140633,
18.40000000107102,31.51220547934183,-0.1107217160012945,-0.0185599556440439,0.0472823604461219,
18.50000000107684,31.50619458241085,-0.0831217665818562,-0.0190782499113734,0.0415765065844803,
18.600000001082662,31.505043339932403,-0.0411574985887236,-0.0195097451312591,0.0368705976338158,
18.700000001088483,31.495146801871787,-0.0761478396255824,-0.0198202058275803,0.0539273915834605,
18.800000001094304,31.47665444889975,-0.1378617419887748,-0.0201306665239014,0.0625424691928297,
18.900000001100125,31.44869298848104,-0.2065365782329724,-0.0203007448499054,0.0697441171944634,
19.000000001105946,31.43450038401827,-0.1581235139370235,-0.0204539525440265,0.063714307567626,
19.100000001111766,31.414892608042734,-0.1774741324233019,-0.0206609867981627,0.0705357571097354,
19.200000001117587,31.39877799341487,-0.1767280108708098,-0.0209471013931648,0.0775854461753618,
19.300000001123408,31.378911242665257,-0.2058312060629832,-0.0212332159881669,0.0922061074262752,
19.40000000112923,31.34743963119025,-0.2793603317146514,-0.0213697028563523,0.0946263375116814,
19.50000000113505,31.31545692889449,-0.3012856292192187,-0.0214876284486406,0.0835512567655506,
19.60000000114087,31.285246998650937,-0.2838266893450683,-0.0215778990804187,0.0911155445301013,
19.70000000114669,31.247594135151417,-0.3272897482720387,-0.0216276408580985,0.1227457232079238,
19.80000000115251,31.21417753411492,-0.3310059736664871,-0.0216773826357783,0.1207018162883485,
19.90000000115833,31.18203884117183,-0.3532584491112706,-0.0216769467015163,0.1213086644865683,
20.000000001164157,31.15256264439452,-0.3215524003364542,-0.0216704078337196,0.1213348598628919,
20.10000000116997,31.116962556365287,-0.3494491683585832,-0.0215613548675529,0.1225742318600961,
20.200000001175795,31.087920376228904,-0.3121804010567249,-0.0213094850633305,0.1224299179447443,
20.300000001181616,31.05877287324037,-0.2891630325939275,-0.0210576152591081,0.135642651493949,
20.40000000118744,31.028395618898845,-0.3030734270583573,-0.0210447155883908,0.1360764434451112,
20.500000001193257,30.9937039659797,-0.3399000230944794,-0.0210612416842086,0.1346598679408512,
20.60000000119908,30.9574594362189,-0.365148903746895,-0.0209510459923706,0.122454633787612,
20.7000000012049,30.920649586633896,-0.3698950698416136,-0.0206640626030839,0.1248508113210092,
20.80000000121072,30.89857798578384,-0.2789236980824788,-0.0203770792137972,0.1302660029536897,
20.90000000121654,30.866576112094787,-0.3000365240407165,-0.0193675745077141,0.1412111290254467,
21.00000000122236,30.84587388395271,-0.2302179460647072,-0.0182838411766135,0.1535857967145176,
21.10000000122818,30.817614936989376,-0.2537380709902994,-0.0175734000037921,0.0905715042339581,
21.200000001234,30.801047418541447,-0.1906313904075507,-0.0173809232032704,0.0509373325561797,
21.300000001239823,30.787826088284486,-0.1472158478364271,-0.0171884464027487,0.0217487390266703,
21.400000001245644,30.777893930360147,-0.1370379036636634,-0.0170196306424594,0.0094973775055539,
21.500000001251465,30.773228395275343,-0.077230029812127,-0.0168536410781577,0.0132176958113697,
21.600000001257285,30.759172318926822,-0.1052502933813427,-0.0165477325002843,0.0185989794686863,
21.700000001263103,30.761567448086232,-0.024248094012685,-0.016048014168918,0.0127153901450613,
21.800000001268927,30.758659059345785,-0.0324056824143726,-0.0155482958375517,0.0078050789971463,
21.900000001274748,30.7614137208449,-0.0007682530327836,-0.0150917448319146,0.0154635556183803,
22.00000000128057,30.76169527586348,0.0019115879117186,-0.014640843557405,0.0200211653279909,
22.10000000128639,30.76409067561412,0.0179235448867561,-0.0142677887835147,0.0221965371487359,
22.20000000129221,30.762576261697987,-0.0155059166643222,-0.0140049284016943,0.0233713851604826,
22.30000000129803,30.755279028041848,-0.0594263041054761,-0.0137420680198739,0.0246071298119937,
22.40000000130385,30.75156791473164,-0.0496590392894395,-0.013329029227909,0.02103930190701,
22.500000001309672,30.74358639095402,-0.051248759584778,-0.0129000938765314,0.0199558938861435,
22.600000001315493,30.746580288521017,-0.005643770165082,-0.0126734843255905,0.0209047258664902,
22.700000001321317,30.767469866044955,0.1276789827727406,-0.0127340229932575,0.024385356172408,
22.80000000132713,30.7802258285042,0.1361803200854212,-0.0127945616609246,0.0294825023463089,
22.900000001332955,30.79980106142311,0.1907325718181306,-0.0127535831331068,0.0335453131325088,
23.000000001338776,30.81939789005868,0.1975809218215553,-0.012700443247936,0.031815194016316,
23.1000000013446,30.82666386714675,0.1009009592631594,-0.0122883497004665,0.027899031055101,
23.200000001350418,30.838770218793627,0.1160819441320715,-0.0113568379812879,0.0303925041206021,
23.30000000135624,30.84272405159742,0.0696300635294677,-0.0104253262621093,0.0384575837651944,
23.40000000136206,30.866165463608176,0.1858141827298346,-0.009180147595801,0.0436704811167037,
23.50000000136788,30.879124973554568,0.1572012971848247,-0.0079028209517053,0.0457480917908144,
23.6000000013737,30.894883052560814,0.1376130409745076,-0.0062932839464937,0.0499356516403748,
23.70000000137952,30.911586746609,0.1543953160320079,-0.0042092643045412,0.078107573609276,
23.800000001385342,30.9217574052458,0.1252113232420345,-0.0021252446625886,0.0864918683405908,
23.900000001391163,30.93256802346859,0.125440646953345,-0.0004529563411716,0.1075128431069638,
24.000000001396984,30.952039434931773,0.1836025973967943,0.0011708282212023,0.1196807164458427,
24.100000001402805,30.97426594604384,0.2026922224229295,0.0030018332984721,0.1452256571617859,
24.200000001408625,31.005109862694358,0.2621864123688251,0.0051117075320916,0.1575556927770159,
24.30000000141445,31.02041945076834,0.1876859458284749,0.0072215817657111,0.1669900535786801,
24.400000001420267,31.049866526096626,0.2252449130896232,0.0112473771300343,0.1839021653180004,
24.500000001426088,31.0762294199368,0.2545994466294323,0.015503490204408,0.2060305764987817,
24.60000000143191,31.10559282908964,0.2758264610304684,0.0185500035487634,0.2276983797426804,
24.70000000143773,31.140714119160577,0.3100381888338999,0.0199094052707111,0.2321727829412936,
24.80000000144355,31.16207595342356,0.2583507274649202,0.0212688069926589,0.2387497719463521,
24.90000000144937,31.193044772571948,0.2862968079340236,0.021439494818362,0.2398894730148902,
25.00000000145519,31.208421744049254,0.2025060421462598,0.0214748359739984,0.2422082796861179,
25.10000000146101,31.22484261881165,0.1916470019859426,0.021762690192937,0.2489143204626178,
25.200000001466837,31.263215519585323,0.3201511873980721,0.0224050816446883,0.2544873262173304,
25.30000000147265,31.309510097549875,0.4052193182324745,0.0230474730964397,0.2558364493554077,
25.400000001478475,31.353905248599148,0.4088213061916966,0.0235299654135869,0.2565681289331539,
25.500000001484292,31.38944179725761,0.3840383045689932,0.0239927942739298,0.2579848482374173,
25.60000000149012,31.417403065871373,0.3042565523760127,0.0245960722901722,0.2702272594678633,
25.700000001495937,31.46022533634102,0.3717413504940925,0.0253985225782238,0.2818633351241373,
25.80000000150176,31.4963107184659,0.3788710610283391,0.0262009728662754,0.3246062225610084,
25.90000000150758,31.53075651239677,0.3427548632881717,0.0279025157749041,0.3371305105337186,
26.0000000015134,31.572816124044405,0.3933576410618162,0.0297187664286372,0.3483792012173032,
26.10000000151922,31.61070491039172,0.3856975220019434,0.0306917445722968,0.3529625574863421,
26.20000000152504,31.652418914164265,0.4003942432965062,0.0304525420047324,0.3520101840495652,
26.30000000153086,31.690480720276906,0.4027205194008956,0.0302133394371681,0.3457873021667996,
26.40000000153668,31.713243052293457,0.281016648766523,0.0296983660391027,0.3435887834467356,
26.500000001542503,31.745814946321403,0.3085921881587855,0.0291478875104613,0.3741934084356309,
26.600000001548324,31.776435282561124,0.3171429956349132,0.0285256500337315,0.4016302517698076,
26.700000001554145,31.808489426154757,0.2908311601086824,0.0277995703360393,0.4035362498304247,
26.800000001559965,31.853757629545072,0.3764337414958545,0.027073490638347,0.4048931191110926,
26.900000001565783,31.88375672062471,0.3366914548767885,0.0255138502317412,0.4214738042959409,
27.000000001571607,31.90766646332585,0.2563960260212589,0.0238569128631852,0.4579986122178042,
27.100000001577428,31.939120168877857,0.2874151203294399,0.0219793955854189,0.4662947372434743,
27.20000000158325,31.95585665109908,0.2112919840139024,0.0197851459957053,0.5187764335034474,
27.30000000158907,31.975754181621102,0.1916611784554446,0.0175908964059916,0.5500769424457181,
27.40000000159489,32.01062908527414,0.2897683214235794,0.0166396774288787,0.5606206527997082,
27.50000000160071,32.02710733343166,0.207423828955535,0.0158043613383624,0.5830965283851167,
27.60000000160653,32.03798651977046,0.1538225939589486,0.0154467588950261,0.6571214104410853,
27.700000001612352,32.054630458139776,0.1640917427160468,0.0157745283279568,0.7136569495314442,
27.800000001618173,32.06487847254591,0.1294364646601447,0.0161022977608876,0.7258453773539645,
27.900000001623997,32.08676241499188,0.1760400935341071,0.0158399795790086,0.7120733751105386,
28.00000000162981,32.11005309211675,0.2125787684697245,0.0155123827609831,0.7145310651201238,
28.100000001635635,32.1206149498813,0.1619488519157939,0.0149169913597339,0.6990672164778988,
28.200000001641456,32.11518486585772,0.0229208889974923,0.0139170432559745,0.6735648988993607,
28.30000000164728,32.14372202749727,0.1584295011581956,0.012917095152215,0.6510875710360965,
28.400000001653098,32.14995665369378,0.1179271073490675,0.0112445526263866,0.6435433382832558,
28.50000000165892,32.16632945987359,0.1299213352221865,0.0094843632757565,0.5993079157442931,
28.60000000166474,32.191403985661275,0.2030759781705599,0.0082486690552684,0.5666957470115705,
28.70000000167056,32.203047111547534,0.1476511511126751,0.0078063805844712,0.5473264511677427,
28.80000000167638,32.210747813948664,0.081061138992362,0.007364092113674,0.5286646451719789,
28.9000000016822,32.219192480484566,0.079615067161537,0.0081419183276179,0.5490317045677732,
29.000000001688026,32.216507359446055,0.0133215956176781,0.0090274686551967,0.5332018914852098,
29.100000001693843,32.22742996324654,0.0717854421659132,0.0099404371058473,0.5479402054539694,
29.200000001699664,32.23791047927366,0.1036983014527289,0.0108940833325349,0.5519393092077908,
29.300000001705484,32.23933587332001,0.0491603645846632,0.0118477295592225,0.5184169363040932,
29.400000001711305,32.25944265939832,0.1279442851153895,0.0127548110770737,0.5272424996623466,
29.50000000171713,32.2527933736888,0.0160870311032315,0.0136569634604236,0.5339293828485009,
29.600000001722947,32.22993624266385,-0.1483483254458713,0.014710182364317,0.5377778799540752,
29.700000001728768,32.22126702142941,-0.1308005063499832,0.0159942919976995,0.5420309362073867,
29.80000000173459,32.22561573361483,0.0334494719727044,0.017278401631082,0.5499915160708421,
29.90000000174041,32.2331978391706,0.047077745461844,0.0199605681135346,0.5576570579690507,
30.00000000174623,32.220692228765095,-0.0818390025994462,0.0228285712756248,0.6036687979188688,
30.10000000175205,32.20590992779379,-0.0989803748587499,0.0254176190640089,0.64101330586526,
30.20000000175787,32.196380670310774,-0.1018853448390401,0.0275766762666606,0.656964300845466,
30.30000000176369,32.18768474919089,-0.1142237307943226,0.0297357334693124,0.679829567859245,
30.400000001769516,32.17608074759557,-0.083375952642514,0.0297422331295627,0.6879970523626026,
30.500000001775334,32.164641545601,-0.1083385522582605,0.0294800276356505,0.6889698997867943,
30.600000001781154,32.16461185342219,-0.0203101465556631,0.0283912218421573,0.6813050459974871,
30.70000000178697,32.17025406854215,0.0271350954485104,0.0260337887069459,0.6336609568985306,
30.8000000017928,32.15726359473864,-0.0756961003284207,0.0236763555717345,0.6181149483381755,
30.900000001798617,32.17294306909063,0.0535769457747435,0.0204106670568662,0.6140112478276676,
31.00000000180444,32.16255889059976,-0.0462240242821325,0.0170314636538835,0.6074883507977744,
31.10000000181026,32.15261543861541,-0.0790461028523082,0.0143865096597636,0.580605872584426,
31.20000000181608,32.13671102454915,-0.1324349088113743,0.012880795201253,0.5756680129362357,
31.3000000018219,32.11666585883813,-0.1674678440043436,0.0113750807427424,0.6018525374927978,
31.40000000182772,32.10222669035036,-0.1648033086574505,0.0105080763540743,0.6203683766019651,
31.50000000183354,32.08413401453225,-0.1748348326330828,0.0097180641762817,0.6253874085753727,
31.60000000183936,32.063610116310336,-0.1878607628545345,0.0091735945706646,0.6288798997151593,
31.700000001845183,32.03340922181264,-0.2689058132186508,0.0090054098454426,0.633272497452532,
31.800000001851004,32.01600959598593,-0.2140111171111021,0.0088372251202205,0.6454439814419938,
31.900000001856824,31.992567757816676,-0.2334883682903692,0.0095863199344256,0.6498366141371228,
32.000000001862645,31.974575774624704,-0.2066174355150916,0.0104172424417383,0.6600318821596595,
32.100000001868466,31.94625844939013,-0.271929143344807,0.0115486158841691,0.6693463941010213,
32.20000000187429,31.91809961541231,-0.2811759804477623,0.0131338729548436,0.67865668743646,
32.30000000188011,31.8829855658986,-0.3312450790701999,0.0147191300255182,0.6925451203977921,
32.40000000188593,31.84953849384204,-0.3180078831022052,0.0149682810347809,0.7067947007870582,
32.50000000189175,31.828596529794662,-0.260410564102595,0.0150889721183669,0.6880082396956789,
32.60000000189757,31.81768005053945,-0.1572371979916964,0.0148418703351284,0.6829774145467635,
32.70000000190339,31.799138592656067,-0.1742542513192282,0.0140416416934587,0.6763948385264305,
32.80000000190921,31.77700100768818,-0.210941840335125,0.0132414130517889,0.6721369905845586,
32.90000000191503,31.76197018699937,-0.168114036883589,0.0127566290371427,0.6590850578946169,
33.00000000192085,31.74168353396448,-0.1752006538692823,0.0123033954243477,0.6449148023156267,
33.100000001926674,31.729708461943535,-0.1447232400592512,0.0120790123663118,0.6447119684522605,
33.200000001932494,31.72612074521172,-0.0686736088808491,0.0121991708903742,0.6333463281099806,
33.300000001938315,31.70992383474808,-0.1239739797494927,0.0123193294144365,0.6364968900065285,
33.400000001944136,31.697392311880943,-0.1352834981696776,0.013542359999111,0.6392438661500388,
33.50000000194996,31.68207040671137,-0.1353844006067632,0.0148696543987682,0.6470879206365605,
33.60000000195578,31.665380354300503,-0.1605454900364929,0.0162876928534231,0.6612343448291909,
33.7000000019616,31.66666326770586,-0.0594724448096597,0.017846561702448,0.6781876080943844,
33.80000000196742,31.661653633265274,-0.0500304674085832,0.019405430551473,0.6655069822194802,
33.90000000197324,31.652143783038813,-0.0939803266952764,0.0205749474238812,0.6634572580014646,
34.00000000197906,31.654991164899855,-0.0068237880336633,0.0217121252821144,0.6168056280135056,
34.10000000198488,31.655524699632377,0.0065934415793111,0.0223102188488929,0.5435701547458925,
34.2000000019907,31.671817799977884,0.0915667113775269,0.0220773183876219,0.3140664869902755,
34.30000000199652,31.690159545259093,0.1598147845907076,0.0218444179263509,0.3165583248741033,
34.40000000200234,31.691516529507407,0.0753720478989175,0.0212497138888623,0.3060350148577838,
34.500000002008164,31.701541316450932,0.0766072978462085,0.0206038260878307,0.3061418782569051,
34.600000002013985,31.70621301305199,0.0637034068719934,0.0198479297597056,0.2938090978129505,
34.700000002019806,31.705776290117807,0.0110773119287878,0.0189227827710948,0.3042145535874644,
34.80000000202563,31.73103636901518,0.1707730565078132,0.017997635782484,0.3153906513736739,
34.90000000203145,31.73496901862279,0.1126480562968428,0.0177878933037108,0.3954128408272152,
35.00000000203727,31.74275890957041,0.0733405530575091,0.0176659426409033,0.3946435541746493,
35.10000000204309,31.758485891620307,0.1230198390001542,0.0176928579008367,0.4542919523180939,
35.20000000204891,31.75940758958336,0.0591924480690601,0.0179487666024249,0.4956817172969235,
35.30000000205473,31.77180205832765,0.0775071136202308,0.018204675304013,0.4962430184997992,
35.40000000206055,31.79735427351055,0.2166109596988599,0.0165121116694976,0.4841070817866126,
35.50000000206637,31.81300749239926,0.1731774570756866,0.0145458230350157,0.4423875813582123,
35.60000000207219,31.84350045576508,0.2489219651663417,0.0124026226040021,0.4279990968156343,
35.70000000207801,31.870851474592502,0.2792101604293932,0.0099816394310416,0.4213132952406109,
35.800000002083834,31.88302497544131,0.1548522231040648,0.007560656258081,0.3919240913696416,
35.900000002089655,31.90442311169576,0.1732753407707071,0.0061279102307175,0.3353518960488098,
36.00000000209548,31.914038994806894,0.1381434279345608,0.0048380102739902,0.3286643859966778,
36.1000000021013,31.928711129798277,0.1384108836757442,0.0035527979332061,0.3129607969860351,
36.20000000210712,31.953276163662217,0.2152025474125122,0.0022745942839493,0.3033777949386115,
36.30000000211294,31.96648105301252,0.1992336498756177,0.0009963906346925,0.2333633595094311,
36.40000000211876,31.987855227784177,0.1863638059826665,-0.001096101558684,0.1122928976648975,
36.50000000212458,32.026405227544764,0.3269892210270829,-0.0032878319619958,0.1119698239147307,
36.6000000021304,32.05245364509004,0.2939135081097895,-0.0053931054315758,0.1091728247031443,
36.70000000213622,32.07167172064985,0.2051930042561989,-0.0073675730171693,0.0989311220286157,
36.80000000214204,32.11058882705015,0.3407474271203696,-0.0093420406027629,0.0885466061086523,
36.90000000214786,32.12114327408885,0.2066438282358984,-0.0104148658766893,0.0944794487057557,
37.00000000215368,32.139437044652524,0.1691532366557024,-0.0113909779805776,0.1141566309561658,
37.100000002159504,32.16461861970044,0.233557466803567,-0.012220240724551,0.111839881751611,
37.200000002165325,32.181030016521774,0.2109299058732643,-0.012833728026391,0.0977733552531658,
37.300000002171146,32.20039127251915,0.1843185771594761,-0.0134472153282309,0.0913260301197386,
37.40000000217697,32.232224970161155,0.2943295039084815,-0.0149995014149823,0.0947809708989875,
37.50000000218279,32.24518344477147,0.2043467935590409,-0.0166364914054662,0.089563755764171,
37.60000000218861,32.257892107355715,0.1371438828536149,-0.0183899735537995,0.0938375919701411,
37.70000000219443,32.29515630859096,0.2954651746876043,-0.0203202229923024,0.0853682276817054,
37.80000000220025,32.30941599472266,0.2101171128462789,-0.0222504724308053,0.0707743519944926,
37.90000000220607,32.320493497057306,0.1212082367819989,-0.0226440173849112,0.0693015636117888,
38.00000000221189,32.33663764769851,0.1552025188852506,-0.0228829763836366,0.0730461485325443,
38.10000000221771,32.33618958640361,0.0607038250214204,-0.0230974839373804,0.0834540841609917,
38.20000000222353,32.350595222120866,0.100673517397352,-0.023275014437719,0.0861685819185241,
38.30000000222935,32.3671359590661,0.1709890994252497,-0.0234525449380577,0.0870484258220624,
38.40000000223517,32.36773924801444,0.065168750969199,-0.0240490122942527,0.0826394469387305,
38.500000002241,32.36559393093916,-0.0113260035874831,-0.0247025364359866,0.0763128026646483,
38.600000002246816,32.374159840904966,0.0765895350136011,-0.0255301444190254,0.0689469426958281,
38.70000000225264,32.366684881540905,-0.0028003992437448,-0.0266263534602865,0.0631000591223105,
38.80000000225846,32.37157882357082,0.0028172222256,-0.0277225625015477,0.0598870867405657,
38.90000000226428,32.38249211180063,0.0752868735306515,-0.0281277312612803,0.0628923027257341,
39.0000000022701,32.378192068574464,0.0211076434560561,-0.028438540085289,0.0666144562160516,
39.10000000227592,32.35798936575778,-0.1399781800064138,-0.0282233966603051,0.0661630265583331,
39.20000000228174,32.35890496426394,-0.0531909892202343,-0.0272059817005888,0.0656601681490867,
39.30000000228756,32.33764883387905,-0.1244129279241299,-0.0261885667408725,0.0714165984173283,
39.40000000229338,32.324232130016284,-0.1530446802199562,-0.0261176419701586,0.0771963763134138,
39.5000000022992,32.33611835783307,0.0384126841559648,-0.026149304164413,0.0662898524609178,
39.60000000230502,32.29192801532265,-0.2141041593900498,-0.0258852707497836,0.078508497333285,
39.70000000231085,32.28583537727485,-0.1807616173316125,-0.0251599798433826,0.0616793868215041,
39.800000002316665,32.269839651727295,-0.1652019324157444,-0.0244346889369817,0.0481512257467011,
39.900000002322486,32.23818130255927,-0.2343269674049942,-0.0240465845034191,0.0535702461159404,
40.00000000232831,32.21262934215133,-0.2672244322975136,-0.0236897814660475,0.0278800825788397,
40.10000000233413,32.20628738643764,-0.1369157222886045,-0.0234519187496117,0.0384810742637829,
40.20000000233995,32.17432703044237,-0.2262079553503009,-0.0233827015633601,0.0350688977663979,
40.30000000234577,32.14550602721543,-0.2730349798873579,-0.0233134843771085,0.039712557640934,
40.40000000235159,32.129099789123,-0.196473844359299,-0.0240151558400991,0.0034095911814623,
40.50000000235741,32.1001480824052,-0.2533003766413327,-0.0248049614785574,-0.0686494982738183,
40.60000000236323,32.0706496342788,-0.3052107468536026,-0.0250020328427378,-0.1119459205998307,
40.70000000236905,32.06126239949623,-0.1767894628864846,-0.0243608726075313,-0.1181303940300716,
40.80000000237487,32.03220786036798,-0.2064827358561594,-0.0237197123723248,-0.1013236709028633,
40.90000000238069,31.984534184087565,-0.3786610282165183,-0.0219011287300245,-0.0917965934382964,
41.000000002386514,31.945064789756124,-0.380612583779331,-0.0199309108903976,-0.0804356702048181,
41.100000002392335,31.880781956098065,-0.5287813500383809,-0.0183546910648998,-0.0643883489110876,
41.20000000239816,31.837328688675772,-0.4884805329635661,-0.017343624332372,-0.0466025181592054,
41.300000002403976,31.816033323137223,-0.2893147113576741,-0.0163325575998442,-0.0475574701007215,
41.4000000024098,31.774800226278824,-0.3619457687698852,-0.0168971221686426,-0.093611927490081,
41.50000000241562,31.75236025671112,-0.3012052043776624,-0.0176127538100021,-0.1789808029440579,
41.60000000242144,31.72664200879972,-0.2544027862494747,-0.0180471630969206,-0.1743973469979225,
41.70000000242726,31.688718885583494,-0.3517858888301758,-0.0180859030416947,-0.1739873505977255,
41.80000000243308,31.669121007353347,-0.2643352499224447,-0.0181246429864689,-0.168106082695812,
41.9000000024389,31.636763327482527,-0.2812981851671707,-0.018180427669648,-0.1493862396733843,
42.00000000244472,31.58730713152395,-0.4473948644908802,-0.0182383985577246,-0.1490417414955747,
42.10000000245054,31.559632362030968,-0.3468600726475048,-0.0181585095765328,-0.14633064742537,
42.20000000245636,31.5093726606544,-0.4389858923191515,-0.0178895417595296,-0.1428023426374524,
42.30000000246218,31.473779201255883,-0.4176420766646721,-0.0176205739425264,-0.1284963571028393,
42.400000002468005,31.44533379507756,-0.3106106059354096,-0.0174829767472654,-0.1232298633437128,
42.50000000247383,31.409509301102176,-0.3296344890020503,-0.0173588523024396,-0.109545754467531,
42.600000002479646,31.39638646478585,-0.2165644798394974,-0.0178223400457653,-0.1005719204074291,
42.70000000248547,31.367161635449943,-0.2441411147454735,-0.0191323069287002,-0.0540728997036395,
42.80000000249129,31.33153700620329,-0.3315280240257692,-0.020442273811635,0.0650832459744502,
42.90000000249711,31.305673641672488,-0.2805185227150691,-0.0210552367145308,0.0533115915983773,
43.00000000250293,31.264000315634306,-0.3428915776652851,-0.0215791487221661,0.0503653077198167,
43.10000000250875,31.22861935378156,-0.3721836032287029,-0.0218314117340467,0.0500830042009362,
43.20000000251457,31.203561156613727,-0.2837605066673608,-0.0216914491976278,0.0612195596382078,
43.30000000252039,31.16531052145773,-0.3528987370125486,-0.0215514866612088,0.0564755495090294,
43.40000000252621,31.12990625416683,-0.3601428452354317,-0.0209139666351064,0.0506418737640788,
43.50000000253203,31.08420529706884,-0.4121392542007148,-0.0202306581357498,0.0623037979994599,
43.600000002537854,31.026520083144167,-0.5361564937934777,-0.0198250164956334,0.073109028367024,
43.70000000254368,30.99486042889223,-0.3804660225903968,-0.01980873226698,0.0879076073666189,
43.800000002549496,30.94919611741322,-0.4321633035331693,-0.0197924480383266,0.0759770699621619,
43.90000000255532,30.926929758502784,-0.3138337282711208,-0.0213259781194604,0.0640885370320342,
44.00000000256114,30.88513677589146,-0.3699333913636267,-0.0230577872342181,0.0541209219778061,
44.10000000256696,30.857099886558917,-0.3196547074201789,-0.0244100029857045,0.0416179450306332,
44.20000000257278,30.831100016471986,-0.2692318153519794,-0.0252249042286391,0.0435180498893551,
44.3000000025786,30.781054440268505,-0.4296122663316596,-0.0260398054715737,0.0295055852384176,
44.40000000258442,30.74268012373592,-0.4161811380765797,-0.0254310960205646,0.0274059133671735,
44.50000000259024,30.69240330299576,-0.4688172108501641,-0.0246170017121231,0.0449101072544878,
44.60000000259606,30.65367144775431,-0.4305306200196739,-0.0239103997109814,0.0490383647425815,
44.70000000260188,30.62507653884884,-0.3264815886271511,-0.0233563048901597,0.0623323172020085,
44.8000000026077,30.5822240157636,-0.3955124244125891,-0.022802210069338,0.0482575416972649,
44.90000000261352,30.562947316445808,-0.2647680284757324,-0.0226281287746387,0.0452586968243999,
45.00000000261935,30.51805549049429,-0.3744696129924509,-0.0224990965602668,0.0362735471923575,
45.100000002625166,30.4971983546798,-0.289961587044056,-0.0225128486542538,0.0284379276590787,
45.200000002630986,30.45773941109057,-0.3603255536583324,-0.0227241507837189,-0.007844334038272,
45.30000000263681,30.42541788415817,-0.3464272205369672,-0.0229354529131841,-0.0071081883245657,
45.40000000264263,30.39748772305716,-0.3018237329222986,-0.0225468559618659,-0.0296423407566548,
45.50000000264845,30.356800684018797,-0.3707959214429862,-0.0220833665540334,-0.0506339265470523,
45.60000000265427,30.32330505466079,-0.3510355315350522,-0.0215899482960055,-0.0554019366691162,
45.70000000266009,30.28168209661696,-0.3982330819948314,-0.0210548031279998,-0.048513780526559,
45.80000000266591,30.254517372447797,-0.329712252293437,-0.0205196579599942,-0.038243368323748,
45.90000000267173,30.21794261395391,-0.3496776217960902,-0.0206957377028997,-0.0583510639045459,
46.00000000267755,30.1935780702725,-0.2942701959205105,-0.020950222807185,-0.0711053657966893,
46.10000000268337,30.170047132485827,-0.2429310311295388,-0.0212435784069537,-0.088938814404405,
46.2000000026892,30.13995811492469,-0.2901578988156915,-0.0215909212239953,-0.1159942632431735,
46.300000002695015,30.130426867384724,-0.1501124549447613,-0.021938264041037,-0.1283784280053315,
46.40000000270084,30.09479376563517,-0.2867457639293713,-0.021627569266055,-0.1189847510907055,
46.500000002706656,30.079399132567872,-0.1992119880597318,-0.0212456955298686,-0.1227847439392712,
46.60000000271248,30.05176261494882,-0.2528982412700301,-0.0205115101129462,-0.0898048628726801,
46.7000000027183,30.040288395348178,-0.1696038316700822,-0.0192948598066153,-0.0867069074313946,
46.80000000272412,30.02629300574921,-0.1481972754709186,-0.0180782095002845,-0.0800581839984667,
46.90000000272994,30.02886757087685,-0.0347272733244282,-0.0182257368545747,-0.0763179383194071,
47.00000000273576,30.03318942001233,0.0202248139559479,-0.0185112945832234,-0.0779736981340154,
47.10000000274158,30.03304055398319,-0.0092048443705433,-0.0191061719723702,-0.0729050762934761,
47.2000000027474,30.04566762524837,0.0868497344606354,-0.0201299588391085,-0.019555687877081,
47.30000000275322,30.03803874421191,-0.020680460127735,-0.0211537457058469,0.0276705972357409,
47.40000000275904,30.044510116357294,0.0267377848816049,-0.0217336433759819,0.0363270045384694,
47.500000002764864,30.0458522376776,0.0244644714958678,-0.022262460874264,0.0502774173578892,
47.600000002770685,30.05654320704665,0.0601514738089368,-0.0225527760274743,0.0576287121363383,
47.700000002776505,30.06063966217898,0.0603253578176635,-0.0225054225617823,0.0936399116387725,
47.800000002782326,30.07901661899459,0.1338124716487929,-0.0224580690960902,0.0990980336949921,
47.90000000278815,30.096048320117056,0.1735594098723596,-0.0223484011617662,0.108933880669804,
48.00000000279397,30.112223386846683,0.1647713769117605,-0.0222314236500348,0.110385795025927,
48.10000000279979,30.14313267659558,0.2661965524277026,-0.0219688635897974,0.1157888037454525,
48.20000000280561,30.155563968713462,0.187266352597704,-0.0215014394235804,0.129154545576687,
48.30000000281143,30.17697244286988,0.1936399231574423,-0.0210340152573634,0.1683839501871285,
48.40000000281725,30.188600690017594,0.1301201861133323,-0.0207100922265087,0.1575364160311081,
48.50000000282307,30.20701297979865,0.1743706129616254,-0.0204033146480299,0.1382255184004037,
48.60000000282889,30.220688780826283,0.158313052667858,-0.0202975031368011,0.143941610604231,
48.70000000283471,30.26059787018883,0.2979630161847856,-0.0204803368665785,0.1122590695187819,
48.80000000284053,30.29774308563532,0.3511445004651424,-0.0206631705963559,0.1095171688635663,
48.90000000284636,30.329097292032397,0.3370297750794742,-0.0202453908069774,0.10848754119666,
49.000000002852175,30.363026099940058,0.3456589999932783,-0.0197673623524204,0.1022687285934289,
49.100000002858,30.384305279587444,0.2511039099949331,-0.0194010257536842,0.0987709863079509,
49.20000000286382,30.4213443596638,0.3351996828018971,-0.0191928429688076,0.0716068095808213,
49.30000000286964,30.444332226197016,0.2738474127639872,-0.018984660183931,0.0665656876030445,
49.40000000287546,30.48378571902583,0.3626221811120581,-0.0190213815135006,0.0292386327866208,
49.50000000288128,30.510317292299607,0.3038241620695304,-0.0190845566387658,-0.0173929275884484,
49.6000000028871,30.54720269507308,0.3254060553446362,-0.0191132029625592,-0.0446815288559642,
49.70000000289292,30.58594632383727,0.3689561617218629,-0.0190931211867154,-0.0524596655946813,
49.80000000289874,30.61833157309518,0.3373132206879846,-0.0190730394108716,-0.0624470716985197,
49.90000000290456,30.64608444634481,0.3109828277191034,-0.0189041161158704,-0.0636144021608064,
50.00000000291038,30.67853963194816,0.2869855716647689,-0.0187180230239794,-0.0736621250501356,
50.10000000291621,30.71291558862265,0.3224300001328773,-0.0188056134042289,-0.1112115447999578,
50.200000002922025,30.75317679546729,0.3930799863921405,-0.0192764465518538,-0.0968043821896061,
50.300000002927845,30.79408374642989,0.3946787382937632,-0.0197472796994787,-0.1000805256808463,
50.40000000293367,30.847755459365285,0.4898463454286302,-0.0199930360771993,-0.1090143301475418,
50.50000000293949,30.886908875932694,0.4299315773798799,-0.0202073786482482,-0.1051483760176114,
50.60000000294531,30.935734984949598,0.4624040502478923,-0.0203499990652606,-0.0831449466096184,
50.70000000295113,30.97464601343309,0.4204221196971318,-0.0203905647497077,-0.0792833197873314,
50.80000000295695,31.01262093625578,0.3912249109599229,-0.0204311304341547,-0.0649114211819186,
50.90000000296277,31.05142854010408,0.4004908246961502,-0.0204723726554207,-0.0659279779216536,
51.00000000296859,31.09305078250373,0.4126929273248867,-0.0205137029802233,-0.0672263467729214,
51.10000000297441,31.148355951271355,0.5024723098764197,-0.0202969178347998,-0.0451852277457686,
51.20000000298023,31.179927268713676,0.3963031854961533,-0.0197164871681805,0.0042385304224599,
51.30000000298605,31.22441979409391,0.412120912296966,-0.0191360565015612,0.0092456914517124,
51.400000002991874,31.26519705436149,0.4338656707692218,-0.0186976879624456,0.0203016511609206,
51.500000002997695,31.29507583155188,0.3415703478207571,-0.0182762152734441,0.0130787324263371,
51.60000000300352,31.34209474981325,0.4173341173258517,-0.0176091743563351,0.0179750278617546,
51.700000003009336,31.373645601354163,0.36934162075639,-0.0165905745362376,0.0193336012580761,
51.80000000301516,31.40373903593733,0.301687319348269,-0.0155719747161401,0.0610333286777143,
51.90000000302098,31.461112741568243,0.4759569921815603,-0.0156463433949251,0.0653276713493973,
52.0000000030268,31.48619156492808,0.3327579149706977,-0.0158401603839525,0.0689768066599423,
52.10000000303262,31.520617140049684,0.3208601795539689,-0.0162835110199094,0.0643315821019259,
52.20000000303844,31.561401732386045,0.4008208294574477,-0.0170623387646315,0.0447245795725361,
52.30000000304426,31.58473389719102,0.2767451041746852,-0.0178411665093535,0.0389501294722502,
52.40000000305008,31.62486437960299,0.34547476667867,-0.0186044166855161,0.0306782381022733,
52.5000000030559,31.637764075090736,0.223384749395685,-0.0193658763141709,0.0213106591852601,
52.60000000306172,31.656888439214683,0.1912110384629579,-0.0197096805126459,0.0268116715183561,
52.70000000306754,31.69343346639119,0.3107562246110989,-0.0194686880607193,0.0246183913259203,
52.80000000307336,31.70418174714511,0.1856439221243905,-0.0192276956087927,0.0211610028926484,
52.90000000307919,31.726813002992827,0.1855884608434954,-0.0185601419203367,0.0239564092013493,
53.000000003085006,31.753187201359623,0.2507852753022025,-0.0178423661039832,0.030658703034341,
53.10000000309083,31.76223551336035,0.1459358847006511,-0.0176435318112067,0.0358272460642523,
53.20000000309665,31.790324183834176,0.2180640656858477,-0.0181775002460421,0.031388257696902,
53.30000000310247,31.80829305914117,0.2243159249494809,-0.0187114686808774,0.0235261027790314,
53.40000000310829,31.81387665561484,0.0991265332098806,-0.0187638122413978,0.0137027422290368,
53.50000000311411,31.83834287328508,0.1766169811595883,-0.0187590072964839,0.0108988076997284,
53.60000000311993,31.844674386299463,0.127407201804834,-0.0185206896690277,0.0141352200163253,
53.70000000312575,31.83909390842076,-0.0101515884601614,-0.0179514801570748,0.0208428675083219,
53.80000000313157,31.85841007204562,0.11025658554616,-0.0173822706451219,0.0253563489032051,
53.90000000313739,31.867322716752746,0.1137047109014103,-0.016441451140781,0.01577281163262,
54.000000003143214,31.8690250191078,0.0218013113303279,-0.0154544282970445,0.00915762601211,
54.10000000314904,31.88756822360787,0.1269830698817773,-0.0146888724973813,0.0178469814877364,
54.200000003154855,31.88398815927388,0.0356053207356793,-0.0142343447382355,0.0307634701229445,
54.30000000316068,31.88788935892216,0.0162604962244048,-0.0137798169790896,-0.0036925506637651,
54.4000000031665,31.904519571035717,0.1274916930339034,-0.0142468810847618,-0.0225978749274683,
54.50000000317232,31.9042539029636,0.0452697274044737,-0.0148134390915816,-0.0401621007872346,
54.60000000317814,31.909455238190606,0.0336370149364614,-0.0152437478064562,-0.0651990049270808,
54.70000000318396,31.91356236563671,0.0586130779784605,-0.0154732333567471,-0.0609879290849512,
54.80000000318978,31.906358220779094,-0.0345678119465888,-0.015702718907038,-0.0560651096594128,
54.9000000031956,31.925929439069098,0.096616088122257,-0.01719636706154,-0.0605969127642396,
55.00000000320142,31.934083300002268,0.0965626481142414,-0.0188138984425966,-0.0598480488460277,
55.10000000320724,31.92677124734189,-0.0425902477697486,-0.0199949643540925,-0.0668668393157664,
55.20000000321306,31.9386995379566,0.0475026277897192,-0.0205484332071793,-0.0830727494515397,
55.30000000321888,31.926962917987737,-0.0355731879214898,-0.021101902060266,-0.0903171768241677,
55.400000003224704,31.905354002846007,-0.1761502477893586,-0.0209477982311002,-0.0977016824102331,
55.500000003230525,31.92320628376261,0.0457697077088646,-0.0207255453401563,-0.0975685389884239,
55.600000003236346,31.92195319031883,0.0285830163557097,-0.0206137060261401,-0.0970740351872207,
55.70000000324217,31.92147146357731,-0.0160660049295853,-0.0206701424555812,-0.0846374687874448,
55.80000000324799,31.930371158882167,0.0576904548689677,-0.0207265788850222,-0.0800972513792657,
55.90000000325381,31.9326045708902,0.0477566052682571,-0.0207983534739822,-0.0375034574925024,
56.00000000325963,31.939587929810465,0.0565750463332648,-0.0208722620944736,-0.0496806754330644,
56.10000000326545,31.953217626509044,0.1350354630499355,-0.0208363004807227,-0.0139648236647263,
56.20000000327127,31.944893519700965,0.0021162411753659,-0.0206257481974726,-0.0040244021815014,
56.30000000327709,31.950667960979757,-0.0001333396318793,-0.0204151959142226,0.0181863037457762,
56.40000000328291,31.97151780010852,0.1404481072847794,-0.0209709922269795,0.0517198771363728,
56.50000000328873,31.96828129392444,0.0268144270949962,-0.0215967221155965,0.0479375169968488,
56.60000000329456,31.98127412319176,0.0572930880177601,-0.0221873515765386,0.0456075326900875,
56.70000000330037,31.99373450802226,0.1149211275014232,-0.0227239558523989,0.0862480981634264,
56.8000000033062,31.986471773474587,0.0011034330986217,-0.0232605601282592,0.1306635784644847,
56.900000003312016,32.00201979472303,0.0980001910899542,-0.0237491919867538,0.1327491441667936,
57.00000000331784,32.01297116135775,0.130739689592392,-0.0242316943655782,0.1300921567709694,
57.10000000332366,32.016916115679294,0.0634782786698052,-0.0244139740735682,0.121953888699263,
57.20000000332948,32.03687858882906,0.1463685668640282,-0.0241459831416367,0.1276361143251587,
57.3000000033353,32.035948123987566,0.0674530801424974,-0.0238779922097051,0.1303156425808354,
57.40000000334112,32.0422493386289,0.0417451579550998,-0.0230706637188688,0.1354636597087258,
57.50000000334694,32.05653357510148,0.0933291500858104,-0.0222076054480717,0.1346997595092086,
57.60000000335276,32.07168480079994,0.1470306867525838,-0.0209797918489271,0.1596639940207637,
57.70000000335858,32.063565143185826,-0.0102793085147152,-0.0192127086995081,0.2057509117407226,
57.8000000033644,32.08618974286887,0.1193430472439394,-0.0174456255500891,0.1833203112924717,
57.900000003370224,32.08697258834967,0.0780407930283112,-0.0167224146715094,0.1833020662961008,
58.00000000337605,32.09806659428422,0.0829769304178649,-0.0160984771876918,0.1576867256386298,
58.100000003381865,32.11497899214254,0.1529204595687357,-0.0159859810350637,0.1325517619089546,
58.200000003387686,32.12488907204089,0.150617815109317,-0.0166750603816932,0.1342071786085336,
58.30000000339351,32.13131933333209,0.0622042498622432,-0.0173641397283226,0.1129388125084401,
58.40000000339933,32.14753388237122,0.1435804312476491,-0.0173481957627589,0.0688983271358725,
58.50000000340515,32.14768594722112,0.0546730437392589,-0.0172428984464164,0.0707000911898257,
58.60000000341097,32.146046960078294,-0.0081120726871522,-0.0171827970943561,0.0525529579574894,
58.70000000341679,32.140947269660955,-0.0214314410111856,-0.0171897301907119,0.0063439444619845,
58.80000000342261,32.131478604461726,-0.0543499375432791,-0.0171966632870678,-0.0294145240815168,
58.90000000342843,32.146024016513486,0.0584916656311013,-0.0175698992591597,-0.0438384952821162,
59.00000000343425,32.151356133286086,0.0715650760979902,-0.0179750950588013,-0.0446456603456003,
59.10000000344007,32.15166347429791,0.0244158562905112,-0.018308224765025,-0.0326505374818846,
59.20000000344589,32.15574007408323,0.0156669923702978,-0.0185365589792585,-0.0286341089439627,
59.300000003451714,32.15965965373182,0.0584027536180339,-0.018764893193492,-0.0336783576446709,
59.400000003457535,32.155014661933635,0.0455172306049802,-0.0184397526508085,-0.0624240283959345,
59.50000000346336,32.152910167371985,-0.005703982288003,-0.0180519584772465,-0.0639490364695674,
59.60000000346918,32.15986010421688,0.0346913715951395,-0.0175099643497411,-0.0634725403227555,
59.700000003475,32.15166792283169,-0.0363144244156211,-0.0167354761750635,-0.0661213805177153,
59.80000000348082,32.15333810239963,-0.008435295325947,-0.015960988000386,-0.0540387596608141,
59.90000000348664,32.14501288413673,-0.0395942464573507,-0.0151864998257084,-0.0447452667274965,
