t,vEgo,aEgo,roll,targetLateralAcceleration,steerCommand
0.0,28.50254440307617,0.0703579485416412,0.0264518781318667,0.0369395582283914,0.09890042607340428
0.1000000000058207,28.50810877881271,0.0248749882248186,0.0268148306346983,0.027304578411403,0.10434579129948504
0.2000000000116415,28.546327194821973,0.3072544773611069,0.0271777831375299,0.021233430984909,0.11301666001385484
0.3000000000174623,28.48236051453005,-0.2215071380006924,0.0275407356403615,0.0099421601875125,0.11129649157481437
0.400000000023283,28.52848841907969,0.0391941823859026,0.027890487839063,0.0161769232444888,0.10903407966245443
0.5000000000291038,28.55101386472719,0.2270710609282375,0.0267998144583334,0.0093334954020655,0.1222413343309106
0.6000000000349246,28.542825222434512,0.1151222129023633,0.0257091410776039,-0.0243828468179253,0.12954507515628763
0.7000000000407454,28.58339903204332,0.2495096155726409,0.0251107725759807,-0.0432191449071931,0.12845894941062502
0.8000000000465661,28.565541954832028,-0.0262853797574751,0.024941309422509,-0.0428926397861908,0.12778699395217658
0.9000000000523869,28.582294797006984,0.1008263409558927,0.0247918609500282,-0.0432636087430999,0.13372551326475166
1.0000000000582077,28.60067369153994,0.1620326513678499,0.0261664747326879,-0.0402756640500391,0.13851770385228704
1.1000000000640284,28.60976367368284,0.1126372584476459,0.0275410885153475,-0.0352463507906231,0.13908383741149388
1.2000000000698492,28.637551278186123,0.1908205386502972,0.0285162857363196,-0.0268234917171423,0.14089099131031868
1.30000000007567,28.654950991519183,0.2066086687349261,0.0291425462097592,-0.023949043871084,0.17007833953729662
1.4000000000814907,28.666397030794123,0.1266081803450004,0.0297575971302712,-0.0694191948668933,0.16405410047593574
1.5000000000873115,28.6900093414231,0.2033230667777182,0.0291306501755928,-0.0650727410603564,0.16671771498965018
1.6000000000931325,28.703029986686367,0.1336430555445943,0.0285037032209144,-0.0760094973599559,0.1650904445862922
1.700000000098953,28.72752535253113,0.1906715927373059,0.0276008152178777,-0.0821413951817746,0.16149213009780686
1.8000000001047738,28.745373624912787,0.2063287271345998,0.0264480309124789,-0.0871958719149869,0.15565242838782978
1.9000000001105943,28.754650633936496,0.1575479487476565,0.0253192705515577,-0.0880043625241931,0.15777716976445513
2.0000000001164158,28.77666295510628,0.1753628614492747,0.0257247037416854,-0.087913426311759,0.1594668118653073
2.100000000122236,28.78118807602569,0.0838868118993301,0.0261301369318131,-0.0869518472345247,0.15239443022090707
2.200000000128057,28.795745180979097,0.1296940454840209,0.0266916366170436,-0.069033061168929,0.15549573193591038
2.3000000001338776,28.80079535990945,0.0850841123125728,0.0274058433711369,-0.067538733728728,0.15667424509015376
2.4000000001396984,28.790537624325072,-0.0504720870567749,0.0281056194786912,-0.0626987464013624,0.1419099827114441
2.500000000145519,28.776509002973285,-0.1106667911261405,0.0275991567362857,-0.0415293527850656,0.1440066512699004
2.60000000015134,28.768604387417653,-0.0957064657090189,0.0270926939938803,-0.0501478987135804,0.1413094326706387
2.7000000001571607,28.76642468373832,-0.0532086791032957,0.0265466889578081,-0.0507379842544844,0.14123672607584045
2.800000000162981,28.760869297655777,-0.0652928716859285,0.0259633647314187,-0.0563005517830577,0.13184188883048056
2.900000000168802,28.758924618029223,-0.0570820200425147,0.0254029239660591,-0.0452536145344445,0.11793153866233239
3.000000000174623,28.75530523251816,-0.0607563134386335,0.0256339174543595,-0.0185405170420072,0.11352880111428831
3.100000000180444,28.75662698149512,0.0017286466658091,0.0258649109426599,-0.0085595708697303,0.1122793381222996
3.2000000001862645,28.74299581328992,-0.0926250207455749,0.0260083812748611,-0.0049043312533552,0.11224934848711741
3.3000000001920853,28.73557086051525,-0.0801666783895165,0.0260676956725681,-0.0042385964652339,0.10317872312505713
3.400000000197906,28.7224270965966,-0.1183220661051053,0.0261314407611978,0.0123205338302319,0.08990406502650936
3.500000000203727,28.72724459500273,0.0008531230522122,0.0263637200966763,0.0377861459643007,0.023812643996058893
3.600000000209548,28.71536941113853,-0.0697218299660073,0.0265959994321548,0.1551968749946383,0.024599710618635105
3.700000000215368,28.71561413262076,-0.050034361135454,0.0263483014562291,0.1513995710488538,0.033965717804269525
3.800000000221189,28.71072368189172,-0.0528369590863395,0.025647931350386,0.1282553560405064,0.03403363148373474
3.90000000022701,28.70199630552429,-0.0680477423382669,0.0249715904058853,0.1215156507525141,0.03714785958941017
4.000000000232831,28.70372670072114,-0.0265769858704773,0.0253182849126155,0.1194995933217638,0.03885408694585282
4.100000000238651,28.69732355274336,-0.0219365466347758,0.0256649794193457,0.1199424253229963,0.04154310447108421
4.200000000244472,28.69941079125004,-0.0133271373559425,0.0263331518745399,0.1218166983025248,0.05969857962005254
4.300000000250293,28.682349148177646,-0.0921245102700422,0.0273005138579316,0.0997561739539663,0.10296871598542028
4.400000000256114,28.66725033772906,-0.1092423744203537,0.0282432073912246,0.0336111789891506,0.12383086453964512
4.500000000261935,28.6409076513308,-0.2145970092321991,0.0282574929823043,-0.0026301876751166,0.12361924048328908
4.600000000267755,28.627050433357475,-0.1486002980101291,0.028271778573384,-0.002054590541062,0.12239236456139765
4.700000000273576,28.60742223411145,-0.1750881838550189,0.0279115780487531,-0.0033478854841804,0.11760778533880456
4.800000000279397,28.602292778041765,-0.0807005842059079,0.0271957973548341,-0.0019751318575077,0.13422037368165726
4.9000000002852175,28.58861000843376,-0.1119712585147672,0.0264888349366612,-0.0379204029841041,0.13712498614752805
5.000000000291038,28.58371869309477,-0.0798295259571392,0.0261084928396866,-0.0467162318807139,0.13435601711832157
5.100000000296859,28.577661983417272,-0.0658164000663472,0.025728150742712,-0.0455620921765568,0.1322438792632671
5.20000000030268,28.574032489319112,-0.0493816414513354,0.0254414063673531,-0.0446560158681341,0.1346979559764336
5.300000000308501,28.566884460777743,-0.0625204612247557,0.0252427354974695,-0.0508665192409557,0.1259438603193057
5.400000000314321,28.5610126803676,-0.0492253456427444,0.0250613369538507,-0.0372937317110364,0.1288147520879694
5.500000000320142,28.559558974807487,-0.0317841191284559,0.0256195018364355,-0.0368351227041951,0.13743501265979668
5.600000000325963,28.55271038661154,-0.0431693220074211,0.0261776667190203,-0.0464196791997993,0.14104154680923892
5.700000000331784,28.54205299739811,-0.1077569316498028,0.0271016791630301,-0.0436219290740167,0.14830874561043972
5.800000000337604,28.53874903070195,-0.073261381598939,0.0283682670296503,-0.0439284645967138,0.14750958475648307
5.900000000343425,28.52545480405485,-0.1088529838255842,0.0296101371132438,-0.0302739483277208,0.13807891558334995
6.000000000349246,28.516106125146774,-0.129638375072252,0.0299953698793491,-0.0099191776681583,0.14267683227954403
6.100000000355067,28.501311016192684,-0.1420549365528069,0.0303806026454545,-0.0141147933234286,0.15278652294895878
6.200000000360888,28.481207317288064,-0.1870893882463865,0.0303338294224134,-0.0321841286691763,0.15658753063384925
6.300000000366708,28.46495651802441,-0.1756114094001362,0.0298766381247722,-0.0432426502443692,0.1549957506427234
6.400000000372529,28.44498810826957,-0.1834794990199729,0.02940793370774,-0.0449308398727675,0.14449451756894505
6.50000000037835,28.43862484674198,-0.096576994841789,0.0285473700680994,-0.0349396157189851,0.14038012102227315
6.600000000384171,28.43597572601469,-0.0376311992521729,0.0276868064284589,-0.0361678494763586,0.13900925022656554
6.700000000389991,28.435045497347613,-0.0119791118606037,0.0267449594737909,-0.0430025730374441,0.1322150220776069
6.800000000395812,28.432270957642565,-0.0067760026554495,0.0257268684373879,-0.041103802352672,0.13076291706889892
6.900000000401633,28.42464462139745,-0.0401807168223003,0.0247122659222358,-0.0484821622396619,0.13015594790006596
7.000000000407454,28.44540166957172,0.1103976028703165,0.0238182315136857,-0.0562907183132261,0.12524362410862439
7.100000000413274,28.45152838644472,0.0686330740266472,0.0229241971051356,-0.0565147924191264,0.11897152975682926
7.200000000419095,28.43447461434204,-0.0722427937993606,0.0222977989501447,-0.0516461957749788,0.10801125900773484
7.300000000424916,28.414176187000184,-0.162799978989874,0.0219293894204894,-0.0360975623792231,0.10192697347219629
7.400000000430737,28.380514912578093,-0.2970885213604662,0.0215672537876197,-0.0289476239240503,0.08962811351177544
7.500000000436557,28.345601830935177,-0.3371912546175951,0.0222117753241592,-0.001174062764667,0.07878921620143257
7.600000000442378,28.334595241856054,-0.1848331452872446,0.0228562968606987,0.0239449311014991,0.08207094067949813
7.700000000448199,28.359087988835157,0.1221605364839519,0.0231568953080828,0.0211409204408627,0.08524378211428513
7.80000000045402,28.39357831830311,0.2492049213416858,0.0231287659368515,0.0152624672275865,0.08351752355848721
7.90000000045984,28.42927517937974,0.3301497507352212,0.0230999514341707,0.0178622353244555,0.07375051388414042
8.000000000465661,28.44259469825431,0.1794084567012972,0.0229377607917288,0.0331663880519203,0.05764828188764977
8.100000000471482,28.443080542416364,0.0758877295238042,0.022775570149287,0.0594632249592497,0.056906572745456144
8.200000000477303,28.43701212469931,-0.045396138599978,0.022783866991713,0.0608410351796101,0.05744912544165751
8.300000000483124,28.41819598251994,-0.1423047542634742,0.022942576665055,0.0614982400364239,0.02835215017322879
8.400000000488944,28.39622079538116,-0.1876736549530986,0.02310725610838,0.1134289930941002,-0.020053178297963454
8.500000000494765,28.37724559741888,-0.1663041089221369,0.0238988960804331,0.2047182848978453,-0.014075620881636374
8.600000000500586,28.359578988233284,-0.1473171038789849,0.0246905360524863,0.2021602650020145,-0.010155569185418004
8.700000000506407,28.355647654711195,-0.0682837724557624,0.0256442229266767,0.2047516921848751,-0.003291012605637623
8.800000000512227,28.367269403234584,0.0603012515379048,0.0267433871283834,0.2036965226696525,0.01398509235035296
8.900000000518048,28.367236742943817,0.0267230704528363,0.02784255133009,0.1846809397509308,0.020786502437823245
9.000000000523869,28.373008236325465,0.0099364727012385,0.0280311920636498,0.1747948487629947,0.04974311095727973
9.10000000052969,28.38234814706509,0.0697430814098994,0.0282142157612943,0.126588880603554,0.06401271538116454
9.20000000053551,28.382014979409693,-0.0072833744860015,0.0283107789973533,0.1028704228777162,0.07593594072126555
9.300000000541331,28.396090433331164,0.0581894875992123,0.0283324389785263,0.0824122797667182,0.10407660407592914
9.400000000547152,28.41539486986464,0.1565718430186571,0.0283540989596992,0.0337440886205668,0.1391603229743516
9.500000000552973,28.433287755027244,0.1440386250330418,0.0285813867458101,-0.0252491368008756,0.15056588522215147
9.600000000558794,28.460406385069582,0.2335050732159005,0.0288087635609294,-0.0431277837436648,0.1534884418948153
9.700000000564614,28.470801672337345,0.1696093276969502,0.0290840199079478,-0.0456114251654216,0.15983528843032524
9.800000000570437,28.488266370280947,0.1823802932954963,0.0294020479088197,-0.0537359041450675,0.17220340593402378
9.900000000576256,28.51129933587139,0.2182680868575977,0.029712495247327,-0.0725982458113723,0.18713106315506386
10.000000000582077,28.532937013521767,0.2176917926186997,0.0295481536826613,-0.1007163017220873,
10.100000000587896,28.55787257834348,0.2571670235319597,0.0293838121179956,-0.1111374555114298,
10.200000000593718,28.57258079558801,0.1899445941622551,0.029114288622181,-0.1229920315715514,
10.30000000059954,28.591465837467425,0.1862874827653889,0.0287514786440325,-0.124970837607305,
10.40000000060536,28.616042653779058,0.2349288416033233,0.0283909173269961,-0.1240092319060711,
10.50000000061118,28.637464156499767,0.2315400840310704,0.028181170204862,-0.1314398791514777,
10.600000000617,28.662269288430544,0.2414487329085004,0.0279714230827279,-0.1095793238439985,
10.700000000622822,28.67958351318472,0.1914928793290671,0.0276195387631614,-0.1081543739214429,
10.800000000628645,28.686641145195665,0.1139450644449156,0.027142503647375,-0.1103583673460517,
10.900000000634464,28.70319814106177,0.1532361879196943,0.0266652605164867,-0.1141329332129899,
11.000000000640284,28.716047982040816,0.1276431912078041,0.0261552708756051,-0.1099569450206535,
11.100000000646103,28.739365215726508,0.1858871171922102,0.0256452812347235,-0.1145487079503039,
11.200000000651926,28.7616780862602,0.2080599262500145,0.0254284124420164,-0.1163341916398569,
11.300000000657748,28.78599732342036,0.2044335519064125,0.0254704507788656,-0.0757507056507766,
11.400000000663567,28.806392810121658,0.196002591378382,0.0255135535008237,-0.0721999358899001,
11.500000000669388,28.81317785640917,0.0787512484966774,0.0256380579041962,-0.071923946091391,
11.600000000675209,28.81407417411879,-0.0043749867672381,0.0257625623075687,-0.0716562693423533,
11.70000000068103,28.80995504809241,-0.0218034221535849,0.0259681984556938,-0.0517557040467462,
11.80000000068685,28.78113032882885,-0.1829243103937216,0.0262458402637625,-0.052196689884766,
11.900000000692671,28.772785152023925,-0.1011697801755422,0.0265223162625136,0.0113088242427503,
12.000000000698492,28.787383984171736,0.041652258846375,0.0265957617350478,0.0072540499206308,
12.100000000704313,28.80424978275612,0.1164635123916792,0.026669207207582,0.0011637604183012,
12.200000000710132,28.82526108777586,0.1873236583168404,0.0266397939611464,0.0169633079703681,
12.300000000715954,28.838482525461743,0.1502837816190021,0.0265194264493469,0.0357827248549787,
12.400000000721777,28.85810797019524,0.1586638833831273,0.0263989154878496,0.0334103005099923,
12.500000000727596,28.874724054357365,0.1770373142888827,0.0262637433021866,0.0773169929253707,
12.600000000733417,28.88200862155688,0.082345908840904,0.0261285711165237,0.0805290774242005,
12.700000000739236,28.896612328629065,0.1233963713921185,0.0260547853814141,0.0780333109522996,
12.800000000745058,28.895972347526097,0.0305937351366655,0.0260342383383051,0.0882687744019157,
12.90000000075088,28.913303092449848,0.1135429674909081,0.0260166629422189,0.0883878244843384,
13.0000000007567,28.917230644477147,0.0706897994807056,0.0262025038175076,0.0918125320445003,
13.10000000076252,28.93146281353144,0.1074856330851313,0.0263883446927964,0.093472268696611,
13.20000000076834,28.957058959047675,0.2009182391735857,0.0260697804722391,0.0920005071329123,
13.300000000774162,28.979123638140788,0.237087023867741,0.0252754380511765,0.0857928617278176,
13.400000000779984,28.98804119636197,0.1624380782169006,0.0244863758514001,0.0784883058431273,
13.500000000785803,28.989255120618548,-0.0051833634245107,0.0245236117878135,0.07257134885568,
13.600000000791624,29.0392178126299,0.2960945393967019,0.0245608477242269,0.0679279644219977,
13.700000000797443,29.01902540907405,0.0963515413570515,0.0243168899696876,0.0657012518241367,
13.800000000803266,29.05334910092338,0.2685103341552366,0.0237873818354987,0.0642140603858723,
13.900000000809086,29.07566183160457,0.2357738393661016,0.0232908963871628,0.0650242564536309,
14.000000000814907,29.103900205885232,0.2539595313880378,0.0238716729847362,0.0645653357325484,
14.100000000820728,29.125282346807914,0.22953728358605,0.0244524495823095,0.0667481965355925,
14.200000000826549,29.142657198592595,0.2209567564803433,0.0246635795097132,0.0723975219316824,
14.30000000083237,29.163347990147415,0.1906779843653173,0.0245306309819092,0.066886043013639,
14.40000000083819,29.195496158520037,0.2998484153848941,0.0243669412689606,0.0546561173504698,
14.500000000844013,29.2539621370474,0.4892682163581413,0.0232622399166188,0.0485840438130723,
14.600000000849832,29.28728232592194,0.3721323122419228,0.022157538564277,0.0234814021701598,
14.700000000855653,29.323196114850397,0.362560769046819,0.0209069088511822,-0.0137523944618948,
14.800000000861472,29.33732112846073,0.2172427628515778,0.0195131522994496,-0.0171584584173984,
14.900000000867294,29.336012922839004,0.0291225935478724,0.018150418871502,-0.0327135888718282,
15.000000000873117,29.31789714933392,-0.0990233726321904,0.0178546220017859,-0.0426620831535585,
15.100000000878936,29.33470471177211,0.0636546315458396,0.0175588251320698,-0.0491802236589791,
15.200000000884756,29.304751105279852,-0.141810448375907,0.017280983641584,-0.0482376233855544,
15.300000000890575,29.321812613364287,0.0350949814771885,0.0170206544630496,-0.0493781177914035,
15.400000000896398,29.31537428924567,-0.0288766879200835,0.0168012165064925,-0.051417918620238,
15.50000000090222,29.352154552418536,0.3004152861819706,0.0181166461023684,-0.0505495313159308,
15.60000000090804,29.30250683903481,-0.2181585480675494,0.0194320756982444,-0.0478814197350307,
15.70000000091386,29.340526612746423,0.0724444223846303,0.0201625142311059,-0.0473419071288381,
15.80000000091968,29.311985167999843,-0.1302226708357716,0.0203389475902901,-0.0447838410282982,
15.900000000925502,29.266523942628552,-0.3501073135758841,0.0205172675214291,-0.038085824129821,
16.000000000931323,29.23745675245198,-0.2924032213304093,0.0207652586258411,-0.0261953978030419,
16.100000000937143,29.220305553488185,-0.22810034536502,0.0210132497302532,-0.0258834456108746,
16.200000000942964,29.22265204093508,-0.0551245255265248,0.0207396563580814,-0.0253961723805292,
16.300000000948785,29.20625054615202,-0.1219410898639997,0.0199571894546884,-0.0244736745718352,
16.400000000954606,29.2022685088246,-0.0726730195923279,0.0191780268114179,-0.0398112178309728,
16.500000000960426,29.18067430796441,-0.1637864392644698,0.0185262848634961,-0.0456883680297288,
16.600000000966247,29.165086032031954,-0.1556483172983531,0.0178745429155742,-0.0496488409372438,
16.700000000972068,29.160737021362408,-0.0834523572131958,0.0169318785416701,-0.0550660531045032,
16.80000000097789,29.1533939419008,-0.0586045568601504,0.0157188486647349,-0.0602486520562692,
16.90000000098371,29.14054485872265,-0.1292814744507107,0.0144951573974732,-0.0661708092488527,
17.00000000098953,29.128168721125117,-0.1299013142593992,0.0129333464298036,-0.0721761515381428,
17.10000000099535,29.10760103128743,-0.1688177304522323,0.011371535462134,-0.1005765201154689,
17.20000000100117,29.09162246025299,-0.1804202999191831,0.0098650751317719,-0.1159591984508137,
17.300000001006993,29.064022010453908,-0.2281867366184174,0.008410768648816,-0.131993564574276,
17.400000001012813,29.04627661851933,-0.2100819377493522,0.0069606398273365,-0.1428896730961408,
17.500000001018634,29.032873522727375,-0.1638468098521374,0.0056935752760072,-0.1461759436390251,
17.600000001024455,29.012295583993563,-0.1863468873466849,0.004426510724678,-0.1505399121027229,
17.700000001030276,28.993158971506283,-0.1921400310254137,0.0030219073238594,-0.1521867813009064,
17.800000001036096,28.979793630905903,-0.149060605882333,0.0014874303647629,-0.1553219852301759,
17.900000001041917,28.943562309440992,-0.2763432270632674,-3.509975807476309e-05,-0.1612952083677198,
18.000000001047738,28.93536554655452,-0.1554482944805516,-0.0011360511987265,-0.1899290052786514,
18.10000000105356,28.909367013778606,-0.2023441019780908,-0.0022370026393784,-0.2058727179074231,
18.20000000105938,28.89035075550201,-0.2007422606726799,-0.0033821014105298,-0.2127693579140332,
18.3000000010652,28.86322269709149,-0.2600109575588981,-0.0045694417910949,-0.2274444850844265,
18.40000000107102,28.84554495786231,-0.1835375335580847,-0.0057603488018769,-0.2780765795574992,
18.50000000107684,28.82357040784636,-0.2363218568129006,-0.0073224040718475,-0.3281620607071793,
18.600000001082662,28.81282010290238,-0.1354429488082697,-0.008884459341818,-0.3819862932483336,
18.700000001088483,28.771916628121254,-0.3352805818324687,-0.0100555480064822,-0.3973770527207841,
18.800000001094304,28.75172105840038,-0.2549484163487701,-0.0108550202306396,-0.4276396427935676,
18.900000001100125,28.709531653270457,-0.3638062873467657,-0.0116339228135261,-0.5383047289350222,
19.000000001105946,28.689001871528696,-0.2508736383011045,-0.0114232958140506,-0.6280299638622189,
19.100000001111766,28.67351196362305,-0.2074053471878939,-0.011212668814575,-0.6367435054153608,
19.200000001117587,28.66442136282557,-0.1035258313953415,-0.0104797686744406,-0.635244612342272,
19.300000001123408,28.651041819674408,-0.145191846185226,-0.0092696728395863,-0.6640328196016028,
19.40000000112923,28.63603124572145,-0.1076000811571104,-0.0080600215657896,-0.6877873410680175,
19.50000000113505,28.61038187707446,-0.2294854844442821,-0.0087187623639556,-0.7024232712830046,
19.60000000114087,28.581113735113828,-0.2974309144312248,-0.0093775031621216,-0.8284505476792603,
19.70000000114669,28.54898462230624,-0.2854507744316448,-0.0119364547407934,-0.8851907742267153,
19.80000000115251,28.50487686977425,-0.4056095711691216,-0.0161940677241616,-0.898017654805744,
19.90000000115833,28.477315679073754,-0.3044881388924745,-0.0204363970608958,-0.9207528136883164,
20.000000001164157,28.438215223858244,-0.3708398199925537,-0.0220873878402359,-0.942051233574886,
20.10000000116997,28.41397974775748,-0.2899960507181697,-0.0237383786195761,-0.9584301741535336,
20.200000001175795,28.38621159406353,-0.2508151676074427,-0.0238949483995736,-0.9605466019550084,
20.300000001181616,28.37095834901492,-0.2145240184855761,-0.0227056743942272,-0.9263983881137416,
20.40000000118744,28.35783077251391,-0.1450988727844697,-0.0215217489502218,-0.9189400682005958,
20.500000001193257,28.334672793610203,-0.1870553447774992,-0.021369361107822,-0.9060803221561052,
20.60000000119908,28.3345757591778,-0.0895654573662374,-0.0212169732654221,-0.9035412620121118,
20.7000000012049,28.331414217800614,-0.0131149272240886,-0.0217336130589189,-0.8999801516060878,
20.80000000121072,28.316953240198988,-0.1404385504309619,-0.022842577618647,-0.9030454641744964,
20.90000000121654,28.31831834523786,-0.0573676287947733,-0.0239408190904224,-0.8956263186053821,
21.00000000122236,28.295830049190226,-0.1455428444018942,-0.0237714819030588,-0.8587031580828095,
21.10000000122818,28.28780730537608,-0.12409475895168,-0.0236021447156951,-0.8563952698886781,
21.200000001234,28.265983790234667,-0.1660360401514888,-0.0239135670204098,-0.8134356334382911,
21.300000001239823,28.2515195370976,-0.1807496739485692,-0.0246464029963717,-0.7806336934226533,
21.400000001245644,28.23542558883178,-0.1529114697801152,-0.0253793544537866,-0.7983072819250451,
21.500000001251465,28.206204446189897,-0.221391457697134,-0.026121822221772,-0.7975094784729457,
21.600000001257285,28.18140605548869,-0.2437858493535991,-0.0268642899897574,-0.7680284173799101,
21.700000001263103,28.14892789913377,-0.283028209581616,-0.0275081859329782,-0.7652621349303286,
21.800000001268927,28.12390485615885,-0.2669164828338994,-0.0280654792510429,-0.765166078096767,
21.900000001274748,28.10199531677712,-0.2363158694127826,-0.0286191741710409,-0.7651489130480303,
22.00000000128057,28.09025633849032,-0.1675920455663877,-0.028626894265619,-0.7647510036081888,
22.10000000128639,28.07273361183428,-0.1913003729078733,-0.028634614360197,-0.754763852983944,
22.20000000129221,28.06328589545032,-0.1143485951500458,-0.0288542946038028,-0.7541444971920783,
22.30000000129803,28.030444364475443,-0.2538115288022924,-0.0292658863914075,-0.7548537673091225,
22.40000000130385,28.010698069239773,-0.2260823275936608,-0.0296761860637217,-0.7456319438171445,
22.500000001309672,27.983931978391333,-0.2389275818375084,-0.0299974738974016,-0.733235117421187,
22.600000001315493,27.96531852809688,-0.2151674497013297,-0.0303187617310815,-0.7281800664177549,
22.700000001321317,27.95283931889462,-0.1348993734324694,-0.0303879955467464,-0.7010877745927645,
22.80000000132713,27.92228947760784,-0.2453484555895771,-0.0302329052245081,-0.661835864264223,
22.900000001332955,27.914071376534945,-0.1409422892469418,-0.0300873997009723,-0.6597007577038061,
23.000000001338776,27.87921219517152,-0.2681364491852733,-0.0306644225509558,-0.6633014632239855,
23.1000000013446,27.869355894567303,-0.1789317555863837,-0.0312414454009393,-0.6695559324202273,
23.200000001350418,27.84519267361216,-0.2118316307497136,-0.0313566398170428,-0.6757116905143875,
23.30000000135624,27.835544557705155,-0.1490048144172376,-0.0310614865253473,-0.6574018252216036,
23.40000000136206,27.829972174960133,-0.080401152963293,-0.0307728736003995,-0.6189317374115892,
23.50000000136788,27.805314558748528,-0.1737558167532151,-0.030904633197351,-0.6188508591441403,
23.6000000013737,27.79116886620807,-0.1645111861145964,-0.0310363927943025,-0.6213433208225239,
23.70000000137952,27.769356646723804,-0.1951005079254881,-0.0312511885028454,-0.620912618068511,
23.800000001385342,27.75756858450158,-0.1414846623185937,-0.0315443410558061,-0.6193403798150585,
23.900000001391163,27.74235940229653,-0.1431491541553388,-0.0318265048993191,-0.6313511005023669,
24.000000001396984,27.729093997243535,-0.1645106935243976,-0.0314328817330342,-0.6305923318363269,
24.100000001402805,27.718456881924737,-0.1325784346601632,-0.0310392585667493,-0.6375218774164675,
24.200000001408625,27.70723473253716,-0.1129039246315932,-0.0308389018542564,-0.6371093778468068,
24.30000000141445,27.69563300396796,-0.0924600670020088,-0.0308242883939367,-0.6449321108821704,
24.400000001420267,27.68199506028941,-0.1266812169331719,-0.0308336119164857,-0.644202135714038,
24.500000001426088,27.689924205659704,0.0441571405618805,-0.0316977118630787,-0.6479674241724598,
24.60000000143191,27.680297802758947,-0.042865227174135,-0.0325618118096718,-0.6738968238204022,
24.70000000143773,27.692364131508803,0.0881903772018186,-0.0330930799970858,-0.6812544190049911,
24.80000000144355,27.67525983856144,-0.0864411545238236,-0.0333138452028862,-0.6818218769577591,
24.90000000144937,27.665186482924565,-0.1340301420197381,-0.0335306014661741,-0.6821384134971327,
25.00000000145519,27.66316268116393,-0.060430464464456,-0.0336083731055663,-0.6820360491594158,
25.10000000146101,27.647349800424955,-0.1253405247284679,-0.0336861447449584,-0.691326696539156,
25.200000001466837,27.64472034315798,-0.0350656369699055,-0.0333426080742308,-0.7048527540206935,
25.30000000147265,27.62652827484653,-0.1552616893035559,-0.0326062284820099,-0.6982055825072507,
25.400000001478475,27.62347130223304,-0.0402130166525567,-0.0318790481717142,-0.7192587804187671,
25.500000001484292,27.598118267826493,-0.1809494176346915,-0.0315415703019919,-0.7108892959410791,
25.60000000149012,27.59300677675285,-0.1245389456118924,-0.0312040924322696,-0.702355962087298,
25.700000001495937,27.58516014643813,-0.1077431998052216,-0.0309743232452989,-0.7045642687641346,
25.80000000150176,27.5709181161084,-0.1436391485402963,-0.0308488542010493,-0.7320586210624238,
25.90000000150758,27.585958398662232,0.0678138834530672,-0.0307205148564581,-0.7372936020407682,
26.0000000015134,27.57102707298492,-0.0926945824766199,-0.0304763701218672,-0.7706198659351297,
26.10000000151922,27.5812766925988,0.0208348200969121,-0.0302322253872762,-0.7862040760474671,
26.20000000152504,27.57658041342148,-0.0057159119704951,-0.0300708726653584,-0.7934232178962565,
26.30000000153086,27.5720024575426,-0.0497654818162022,-0.0299888664525047,-0.779867673606663,
26.40000000153668,27.59069355610744,0.1022841834119467,-0.0299045701270683,-0.7836595760036398,
26.500000001542503,27.57519444614168,-0.0625980161192697,-0.0297372385878046,-0.7870456377749818,
26.600000001548324,27.58987033371461,0.0909484540418668,-0.0295699070485409,-0.7949622363399532,
26.700000001554145,27.556969550831585,-0.1871337606516937,-0.0294332112973423,-0.8100058804172461,
26.800000001559965,27.56042297423013,-0.070063302541536,-0.0293245110268178,-0.8085187392522348,
26.900000001565783,27.54842247859902,-0.1065362026570711,-0.0292138404793075,-0.8083890711874848,
27.000000001571607,27.52364417681071,-0.1966432832913855,-0.0290380187035985,-0.8071723565557232,
27.100000001577428,27.504086026036227,-0.2062126050150615,-0.0288621969278896,-0.7979042392647141,
27.20000000158325,27.447400482206792,-0.4247092493433566,-0.0286707133915996,-0.7881354436984663,
27.30000000158907,27.40888117749508,-0.3823629240339557,-0.0284645745430672,-0.7894182156890964,
27.40000000159489,27.330172769030952,-0.6160844276477311,-0.0282644657592788,-0.781385913866214,
27.50000000160071,27.284717191565992,-0.5459439238929492,-0.028276709831614,-0.7801568292726847,
27.60000000160653,27.24527802103972,-0.4602489407121936,-0.0282889539039492,-0.7536020837873804,
27.700000001612352,27.190837367875314,-0.5125151343611737,-0.028225141103701,-0.726586884064716,
27.800000001618173,27.146040504925136,-0.4593719916693717,-0.0280881423248735,-0.7191426464558103,
27.900000001623997,27.08478437947536,-0.5538659848312966,-0.0279850810859576,-0.6925296218969834,
28.00000000162981,27.05447379243105,-0.4044239030429557,-0.0290837448041261,-0.6958152318200259,
28.100000001635635,27.003575959064705,-0.440869351435219,-0.0301824085222945,-0.7129918105270946,
28.200000001641456,26.9746547125597,-0.3536764689724777,-0.0309101060225114,-0.6953682587612029,
28.30000000164728,26.949925991723724,-0.2605416903406033,-0.0313052581900665,-0.678450475344214,
28.400000001653098,26.910845029475496,-0.3271906727135346,-0.0316897055102386,-0.664811068388227,
28.50000000165892,26.881881921060355,-0.3010953520371893,-0.031734948495105,-0.634227799441669,
28.60000000166474,26.851773351491747,-0.3170883877276841,-0.0317801914799713,-0.6245226388045988,
28.70000000167056,26.833708581508628,-0.2300871740561776,-0.0317901526185655,-0.5645452075589392,
28.80000000167638,26.82714521843821,-0.1060481814645443,-0.0317674782097883,-0.5594614721355136,
28.9000000016822,26.8178935121465,-0.1037261867369075,-0.031739306000199,-0.5372495307188865,
29.000000001688026,26.822560112154054,-0.0172446484686782,-0.0315358639096567,-0.5327334244773015,
29.100000001693843,26.82122484050973,-0.02611962936539,-0.0313324218191143,-0.5345244386925034,
29.200000001699664,26.82646425865228,0.0063492128419232,-0.0313237060232356,-0.5243123429015089,
29.300000001705484,26.824582775018847,0.0273955882717698,-0.0314979712837145,-0.5077011522485849,
29.400000001711305,26.820943146922627,-0.0318844955095844,-0.031683651900593,-0.5192143944304586,
29.50000000171713,26.81529493188461,-0.0250037780031818,-0.0326893549994275,-0.5190548830133752,
29.600000001722947,26.82614976466128,0.0733555087266705,-0.033695058098262,-0.523512461529195,
29.700000001728768,26.81411769670329,-0.1203309890213192,-0.0337032668230246,-0.5274058487592137,
29.80000000173459,26.815097581306013,-0.0355383316013536,-0.0327658119480819,-0.5253494887804961,
29.90000000174041,26.81225783023315,-0.04123268901891,-0.0318350235928575,-0.5213540330623817,
30.00000000174623,26.80474235586456,-0.0494130906341672,-0.0316446794869019,-0.5153877334049067,
30.10000000175205,26.797385671341207,-0.0989219404304921,-0.0314543353809462,-0.5201357600432698,
30.20000000175787,26.793158089499837,-0.0065810736843175,-0.0314162667823777,-0.5197127386327511,
30.30000000176369,26.793085102112222,-0.0071711497460205,-0.0315134171405424,-0.5466964221100988,
30.400000001769516,26.81044793188788,0.0932141022721819,-0.0316112300283856,-0.565153611802043,
30.500000001775334,26.81467909795271,0.0612623931084743,-0.0317831435933274,-0.5671664372777023,
30.600000001781154,26.81810549851228,0.0055471676382336,-0.0319550571582692,-0.5917175707078611,
30.70000000178697,26.815803140561663,0.0047714007794337,-0.0321232031515271,-0.6003861416249378,
30.8000000017928,26.81805109658972,0.0159917647457627,-0.0322880187577811,-0.6603213973306968,
30.900000001798617,26.83123416152582,0.118998643794063,-0.032452834364035,-0.6786435096626132,
31.00000000180444,26.829802730418315,0.0328394796908362,-0.0322652535319326,-0.6964337396704136,
31.10000000181026,26.8448976327843,0.0877213824232821,-0.0320768134894981,-0.7128426767319035,
31.20000000181608,26.8433941467086,0.031088844470436,-0.0318428511860529,-0.7101070317329615,
31.3000000018219,26.84730586361412,0.0160166620615566,-0.031569220493379,-0.723487636861163,
31.40000000182772,26.85486221952987,0.0716283653052104,-0.0312955896268955,-0.7383534337812875,
31.50000000183354,26.855839108734468,0.0173057251847611,-0.0310219291806344,-0.7452781872818106,
31.60000000183936,26.8646181438391,0.0965744393906112,-0.0307482687343733,-0.7463963588751247,
31.700000001845183,26.86486383035708,0.0400298933806649,-0.0308297858625067,-0.7454726093481265,
31.800000001851004,26.86373203551292,-0.0128741071322983,-0.0312294931893287,-0.7484747210151435,
31.900000001856824,26.87614163002372,0.0792918656860088,-0.0316190493975326,-0.7527450061542567,
32.000000001862645,26.883445814704345,0.0578960715028447,-0.0312130758427277,-0.7714181688628426,
32.100000001868466,26.8936825012422,0.099356117443426,-0.0308071022879227,-0.7690881003360056,
32.20000000187429,26.897642234684422,0.0487945944970891,-0.0306769172218072,-0.7630155071433844,
32.30000000188011,26.902068971771357,0.0667245549197268,-0.0307888650475187,-0.7609855262085926,
32.40000000188593,26.902338477983584,0.0206182375039479,-0.030892882949761,-0.7619338286692542,
32.50000000189175,26.9076892012693,0.0270576009137558,-0.0305081591310974,-0.76489949810067,
32.60000000189757,26.91135759732806,0.0495323339012905,-0.0301234353124338,-0.7656188928293938,
32.70000000190339,26.90727311021496,-0.0323199273813667,-0.0300234450573921,-0.7460075463774453,
32.80000000190921,26.905443323163805,0.0012298837950495,-0.0301729389315709,-0.736168704489147,
32.90000000191503,26.909341340023825,0.0031489739248748,-0.0303235793836447,-0.7450194333181567,
33.00000000192085,26.9140056565507,0.0552735378100978,-0.0305594673880957,-0.7467997027629347,
33.100000001926674,26.91301370717809,0.0244169598197301,-0.0307953553925467,-0.7400231594435025,
33.200000001932494,26.91784875629236,0.0153787894443966,-0.0309637500918482,-0.7248006352091938,
33.300000001938315,26.923680221148235,0.0469889593994646,-0.0310736233477721,-0.7026525851815907,
33.400000001944136,26.92848035866449,0.0235259742041495,-0.0311797051650144,-0.698692257710441,
33.50000000194996,26.9398554468548,0.1136854451285478,-0.0309841566327428,-0.7106397640560412,
33.60000000195578,26.942139242763343,0.0374982720486502,-0.0307886081004711,-0.6933696529246066,
33.7000000019616,26.94960907225531,0.0831793751460897,-0.0306609803336092,-0.6761080475897928,
33.80000000196742,26.95707752902316,0.0807992005537277,-0.0305943941896053,-0.6575102745595135,
33.90000000197324,26.957589770656416,0.0057387596461532,-0.0305301451421169,-0.6401109485713489,
34.00000000197906,26.97170405824836,0.1106512956290895,-0.0307664262843837,-0.6315413180328712,
34.10000000198488,26.974968233376472,0.0446935203126707,-0.0310027074266504,-0.61539147889941,
34.2000000019907,26.97745147398697,0.0530866810707871,-0.0310618921525163,-0.6036762004230004,
34.30000000199652,26.981947626677336,0.025996418593045,-0.0309663707310776,-0.5918208927548698,
34.40000000200234,26.993777533128476,0.0863396321186871,-0.0308704415888161,-0.5951729791083484,
34.500000002008164,26.99891728775742,0.0749369552105146,-0.0307369021838221,-0.5940470859022675,
34.600000002013985,27.00069516937412,0.0323001610484731,-0.0306033627788282,-0.5932940592225657,
34.700000002019806,27.0041723157092,0.0364539812467672,-0.0307353917722412,-0.5930234475948547,
34.80000000202563,26.99833361653297,-0.040847565508332,-0.031113885425668,-0.5950122264063257,
34.90000000203145,26.99709501954364,-0.0263093589839001,-0.0314883786249508,-0.5997112322115055,
35.00000000203727,26.98604743457134,-0.0974581876929723,-0.0315296076682878,-0.6022446256122082,
35.10000000204309,26.978972526823103,-0.0713116830959914,-0.0315708367116249,-0.6132881868978322,
35.20000000204891,26.96303464008526,-0.1090269738203873,-0.031692102352198,-0.6137442110263598,
35.30000000205473,26.938609677397192,-0.2062707794851085,-0.0318879391411408,-0.6131617755771176,
35.40000000206055,26.920979492647668,-0.1889335461936126,-0.0320792215073594,-0.6210120811600977,
35.50000000206637,26.88320290449869,-0.3216058115797913,-0.0320314992520575,-0.6306121884414954,
35.60000000207219,26.86898853909611,-0.1965176449462435,-0.0319837769967556,-0.6621281654311292,
35.70000000207801,26.84198324827405,-0.2476343771438999,-0.0317350353158988,-0.6747219462064307,
35.800000002083834,26.82642889776299,-0.18553380541481,-0.031299234363217,-0.6778771236444668,
35.900000002089655,26.80957528958005,-0.164233081336401,-0.0308688748925685,-0.6772348329953,
36.00000000209548,26.77629538752041,-0.2838006917325163,-0.0306039107967516,-0.6753514506895135,
36.1000000021013,26.765260394521636,-0.1719469986356504,-0.0303389467009347,-0.6805035653325288,
36.20000000210712,26.73253654650103,-0.2755842590123276,-0.0300076862430891,-0.6834311706359786,
36.30000000211294,26.70617274915512,-0.2633182117503619,-0.0296126813467389,-0.6935633250517579,
36.40000000211876,26.657106306248,-0.4420079622824588,-0.0292433251595216,-0.6966457545590226,
36.50000000212458,26.61490459785378,-0.4517248746614651,-0.0297723549524331,-0.7288271190229292,
36.6000000021304,26.56403795187411,-0.4623476610632271,-0.0303013847453446,-0.7276039033641859,
36.70000000213622,26.508674753043294,-0.5185894528086554,-0.0306820327224176,-0.7296396523410276,
36.80000000214204,26.45607590914512,-0.5182006829753333,-0.0309177980109226,-0.7311434119141459,
36.90000000214786,26.403429502179037,-0.5383224153273861,-0.0311425564110258,-0.7302269776916759,
37.00000000215368,26.35130757510276,-0.5259633961475835,-0.0309996249959152,-0.7308093860870046,
37.100000002159504,26.268496218608345,-0.7515953149873342,-0.0308566935808047,-0.7271400128748702,
37.200000002165325,26.16622137925396,-0.9227815767115896,-0.0307039401252626,-0.7279427218046609,
37.300000002171146,26.08773011452727,-0.8202974810597802,-0.0305418746187058,-0.7362374623957724,
37.40000000217697,25.992201130435948,-0.920969369093944,-0.0303829135352387,-0.7353145487883532,
37.50000000218279,25.88971305312228,-0.9922448156772926,-0.0303415852845968,-0.7257911640708681,
37.60000000218861,25.772093932788056,-1.122317247961021,-0.0303002570339549,-0.7312139164101037,
37.70000000219443,25.688029065018075,-0.920285717682601,-0.0304300937530473,-0.7272629280962188,
37.80000000220025,25.60931584895553,-0.8396112703336533,-0.0307220720394236,-0.7252226377278401,
37.90000000220607,25.566482966273085,-0.5453646134270616,-0.0310126952536326,-0.7177425568594894,
38.00000000221189,25.51980884037589,-0.4846120589187397,-0.0312494075613901,-0.7189310388174767,
38.10000000221771,25.48090875611261,-0.4185957050463404,-0.0314861198691475,-0.7189681238366915,
38.20000000222353,25.43224502369617,-0.4515904537399517,-0.0315277458559343,-0.7078925290499267,
38.30000000222935,25.400181617118587,-0.3925458748767285,-0.0313882228810072,-0.7098491787086225,
38.40000000223517,25.37636492964942,-0.2413183540064799,-0.0312546139228248,-0.7139453197763053,
38.500000002241,25.348089508708885,-0.3028095293359703,-0.0313463009348702,-0.6969174688881009,
38.600000002246816,25.3389989376262,-0.1734447829645445,-0.0314379879469156,-0.6832944409225565,
38.70000000225264,25.3250593620629,-0.1432225407806216,-0.0314468666212194,-0.6784679668625545,
38.80000000225846,25.319430492284056,-0.096197920720767,-0.0313756070822328,-0.6443402687043092,
38.90000000226428,25.32249847305353,0.0042517754799315,-0.0312999867762609,-0.6103178778349216,
39.0000000022701,25.355049643163483,0.2027612291743069,-0.0310765629552673,-0.6100307447628114,
39.10000000227592,25.37003104629625,0.1814586125883793,-0.0308531391342737,-0.5762409954234085,
39.20000000228174,25.393671723248623,0.2303218167049509,-0.0306395240798596,-0.5437183414549063,
39.30000000228756,25.39446053682664,0.0776864030288073,-0.0304351443470026,-0.5392587209402578,
39.40000000229338,25.416066315067763,0.1512376495993929,-0.0302380213565875,-0.5319147515512593,
39.5000000022992,25.438861142749293,0.2238674295016881,-0.0302977525797991,-0.5322344923516066,
39.60000000230502,25.447059075431905,0.1252721939278095,-0.0303574838030108,-0.5158888442670849,
39.70000000231085,25.48299132058146,0.2863294723243887,-0.0303600262705474,-0.4937015167328678,
39.800000002316665,25.48687010721923,0.1127890579816795,-0.0303072671724513,-0.4964731142386728,
39.900000002322486,25.51457461148814,0.2285623900032307,-0.0302549479498903,-0.4806198622872137,
40.00000000232831,25.53296535226181,0.1819742054421163,-0.0303547690784871,-0.4790047599753111,
40.10000000233413,25.55887312410581,0.2483183829960669,-0.0304545902070839,-0.4779945038256278,
40.20000000233995,25.57837954277084,0.2251667159007687,-0.0307430650533868,-0.4787653751000932,
40.30000000234577,25.609693379184662,0.2750601107896958,-0.0312073778404504,-0.4891808289409313,
40.40000000235159,25.632872431701216,0.262150320199279,-0.0316716906275141,-0.4929342960757636,
40.50000000235741,25.66428444065488,0.2844729640500065,-0.0324220904045603,-0.5001788098743725,
40.60000000236323,25.678419362644743,0.2159236186420115,-0.0331725597109246,-0.5045745531922418,
40.70000000236905,25.70775840630839,0.2439686527436992,-0.0334724566874761,-0.5339506284788332,
40.80000000237487,25.729729900868605,0.2618341963588975,-0.0333718720761759,-0.5511067343256174,
40.90000000238069,25.75948555818484,0.2623617655809081,-0.0332680404994449,-0.5841011801282701,
41.000000002386514,25.798273740337475,0.3349138222493967,-0.0329742563983709,-0.6046493075787773,
41.100000002392335,25.824930099869547,0.309269208787612,-0.0326804722972969,-0.6176741479291953,
41.20000000239816,25.860386483198667,0.3241671516314856,-0.0322234128529215,-0.6671834500170658,
41.300000002403976,25.877519517871484,0.2325050159673847,-0.0316228881141499,-0.7218545385479348,
41.4000000024098,25.917907447034622,0.3570647650752531,-0.0310273124643457,-0.7170857199540756,
41.50000000241562,25.92442860891697,0.1753823167259277,-0.0307285013944263,-0.720668894300308,
41.60000000242144,25.95895035084611,0.2536384810324448,-0.0304296903245069,-0.7251724316929709,
41.70000000242726,25.99580039384579,0.34691503365135,-0.0303986447087509,-0.7209270082341421,
41.80000000243308,26.013802809875475,0.2403932985768224,-0.0306084721435407,-0.7200952388219283,
41.9000000024389,26.05438784398354,0.3427209434758713,-0.0308159648496182,-0.7204257873878057,
42.00000000244472,26.073964544198844,0.2484187483673775,-0.0308818835331292,-0.7279733361375034,
42.10000000245054,26.10552779423103,0.3148325623953891,-0.0309478022166402,-0.727106545586237,
42.20000000245636,26.121331784893798,0.1831281740113768,-0.030704036503884,-0.7250509547635435,
42.30000000246218,26.1531597593207,0.261815256301801,-0.0301884050039755,-0.730500628914861,
42.400000002468005,26.17587230703467,0.2678294742272694,-0.0296768527132287,-0.7297598437157586,
42.50000000247383,26.186784036794947,0.1634410892053876,-0.0294509901590753,-0.7408533092579299,
42.600000002479646,26.21949840221915,0.2711801871934756,-0.0292251276049219,-0.7627217273746443,
42.70000000248547,26.22493879120081,0.1097227549185867,-0.0289002016959835,-0.7625480251500998,
42.80000000249129,26.25182738862458,0.2329802539870942,-0.0284897247628596,-0.7615879966004536,
42.90000000249711,26.25475426870404,0.0804728600342092,-0.0280796709971336,-0.7591008128873045,
43.00000000250293,26.265466673352257,0.0959147641098685,-0.0278660962514058,-0.7579643516571408,
43.10000000250875,26.276084028575283,0.1187158927038127,-0.027652521505678,-0.7568922852002207,
43.20000000251457,26.2671361371358,-0.0191170570218797,-0.0273035603885636,-0.7662168244739247,
43.30000000252039,26.279249991484583,0.0682023803868624,-0.0268354849969484,-0.7564845017324058,
43.40000000252621,26.281632000658096,0.0234030972106138,-0.026367409605333,-0.7516076538248156,
43.50000000253203,26.28466949247909,0.0344202620683368,-0.0264151594487984,-0.7437889810036269,
43.600000002537854,26.26932795287937,-0.1347103271132075,-0.0264640453533783,-0.730531663435783,
43.70000000254368,26.254020716696107,-0.1302097953416295,-0.0268929762248378,-0.708703228007353,
43.800000002549496,26.22545882850162,-0.2279485048612226,-0.0276643029343578,-0.7002039109579342,
43.90000000255532,26.17616551235716,-0.3881220322464213,-0.0284356296438777,-0.6940001256436461,
44.00000000256114,26.142690531810818,-0.3525318675796274,-0.0286637728568171,-0.6766733698243073,
44.10000000256696,26.12043278029339,-0.3086817432378475,-0.0288914439948874,-0.6257251957646501,
44.20000000257278,26.1016843334621,-0.1912712457178577,-0.0290617250501461,-0.5626563194888623,
44.3000000025786,26.07340880529274,-0.281366620615049,-0.0291810762140721,-0.5069140033293821,
44.40000000258442,26.05715867578863,-0.1712492992797578,-0.0293035653679393,-0.5031817324461204,
44.50000000259024,26.04307669117695,-0.1442089084557627,-0.0296654129506289,-0.5072316356377371,
44.60000000259606,26.02165183636805,-0.2105023779436729,-0.0300272605333185,-0.5113104333436662,
44.70000000260188,26.023283476631423,-0.0480919133595265,-0.0302858545702252,-0.5151111801099499,
44.8000000026077,26.01585034350032,-0.0859725177650229,-0.0304527146558811,-0.5091818486177494,
44.90000000261352,25.998943829246414,-0.095523038281565,-0.0306153003270103,-0.5110261825324584,
45.00000000261935,26.005955696301445,-0.0110980160536625,-0.0305092398975394,-0.5043777808613931,
45.100000002625166,26.00370229210616,0.0081229175312713,-0.0304031794680685,-0.4706868583883652,
45.200000002630986,26.01061085119604,0.0334197219403978,-0.0303467613129081,-0.4858399279188463,
45.30000000263681,26.031474618095665,0.1446577666188161,-0.0303352349161355,-0.4857233303098686,
45.40000000264263,26.04083777994435,0.1623398455338222,-0.0303217913878092,-0.4936089624079555,
45.50000000264845,26.06596065498811,0.1730446140085371,-0.0301406691114662,-0.4964079509415274,
45.60000000265427,26.063182627225977,0.0712267227842034,-0.0299595468351232,-0.4946375293999038,
45.70000000266009,26.0957245049832,0.2213482796002778,-0.0295705087815437,-0.4897214358378101,
45.80000000266591,26.10617510594044,0.1947017304083021,-0.0289803725318263,-0.5157911744076551,
45.90000000267173,26.1440013383009,0.2835480402964117,-0.0283945106162562,-0.5803143610757981,
46.00000000267755,26.168323881280603,0.2467285454583817,-0.0280146264702198,-0.6031090236912359,
46.10000000268337,26.175959350671263,0.1953214446738138,-0.0276347423241834,-0.6596162511552414,
46.2000000026892,26.22507704134366,0.3711909296623087,-0.0272851952189852,-0.6934778762239493,
46.300000002695015,26.22792369775545,0.1903111303430012,-0.0269643997548515,-0.7153546579072743,
46.40000000270084,26.28248574676108,0.3917651505512908,-0.0266290962130026,-0.7306874758146628,
46.500000002706656,26.305298101029116,0.2862125113619435,-0.0257680332257988,-0.7449745102935463,
46.60000000271248,26.340808432958635,0.2868604474758416,-0.024906970238595,-0.7511578213794289,
46.7000000027183,26.38454206922949,0.3983771417967959,-0.0243323755284365,-0.7559830867847677,
46.80000000272412,26.41478189652635,0.340659304397058,-0.0240286834784851,-0.7635157264243458,
46.90000000272994,26.46898240938361,0.4766660557281986,-0.0237480707853125,-0.7741969528621241,
47.00000000273576,26.512228200918955,0.4381864596191337,-0.0243530342461495,-0.8038640225472462,
47.10000000274158,26.580930047433736,0.5979702003353433,-0.0249579977069866,-0.8252296128598778,
47.2000000027474,26.614959625891068,0.4221220006313708,-0.0252983382040119,-0.8264146958163524,
47.30000000275322,26.68187052362113,0.5582594739222341,-0.025392548108472,-0.8286160585077096,
47.40000000275904,26.72021965165702,0.4921988609833466,-0.0254841895592598,-0.839794662252502,
47.500000002764864,26.76244623916512,0.4586358538309094,-0.0254201707407282,-0.8381233545846245,
47.600000002770685,26.828918622933163,0.6110068259960327,-0.0253561519221966,-0.8386181111000299,
47.700000002776505,26.861095973418497,0.391015386748977,-0.0252796145854785,-0.8368946131291867,
47.800000002782326,26.9245010116634,0.5827146926173709,-0.0251915178089819,-0.8399344649441701,
47.90000000278815,26.962340992040776,0.4201342028707041,-0.025111501930188,-0.8420457265257028,
48.00000000279397,27.01574607220635,0.4954252728357768,-0.025307260674096,-0.8283936609206678,
48.10000000279979,27.06574207347136,0.5180108710166532,-0.025503019418004,-0.8347176412829852,
48.20000000280561,27.0968898762752,0.3682166641443957,-0.025613504789242,-0.83761136603274,
48.30000000281143,27.16299928612656,0.5688807756481185,-0.025644528535728,-0.834883616654215,
48.40000000281725,27.19180283102881,0.3747317837997391,-0.0256787222820766,-0.7845241539006773,
48.50000000282307,27.256659502185148,0.5645069585167205,-0.0258192483445308,-0.7710673691181635,
48.60000000282889,27.289712090027336,0.413144817170105,-0.025959774406985,-0.747721151928984,
48.70000000283471,27.33130451474657,0.3696041662782809,-0.0264566233716976,-0.7452263772497987,
48.80000000284053,27.3977346826668,0.5776252756319286,-0.0272956494150891,-0.717933974800929,
48.90000000284636,27.43288834417844,0.4246332719255296,-0.0281263481864031,-0.6994061059690115,
49.000000002852175,27.49692924509079,0.548377504728695,-0.0286726896097145,-0.6412686350127429,
49.100000002858,27.532431043257127,0.4554564539454943,-0.029219031033026,-0.6165534608327918,
49.20000000286382,27.58475143589619,0.462637359236269,-0.0296783888886839,-0.5827520298215059,
49.30000000286964,27.629979702262425,0.4921581747938639,-0.0300555440450899,-0.5816003892111189,
49.40000000287546,27.67122420744813,0.3920592502362144,-0.0304145281269019,-0.5621604347131441,
49.50000000288128,27.74370241932888,0.5996690877113158,-0.0301178074425937,-0.5642490501704076,
49.6000000028871,27.78088550491773,0.4839340774078761,-0.0298210867582854,-0.5681226191926143,
49.70000000289292,27.84641462832563,0.5555344597868799,-0.0296278727045683,-0.570414930929684,
49.80000000289874,27.8810741421834,0.4638109449187336,-0.029534323013686,-0.519987271979129,
49.90000000290456,27.934129836726964,0.4739595578165669,-0.0294623075712533,-0.3355384931401172,
50.00000000291038,27.98773507003023,0.5481120778559267,-0.0301948792351259,-0.4430119315774244,
50.10000000291621,28.036061288838702,0.5182673872904321,-0.0309274508989985,-0.5034080215107629,
50.200000002922025,28.097158961226757,0.5660324054714214,-0.0314214887832624,-0.4651875251800695,
50.300000002927845,28.15658254432717,0.6055421436050364,-0.0316889950166685,-0.570725272037379,
50.40000000293367,28.208527743652358,0.5409765215793361,-0.0319477869480781,-0.5973531693000886,
50.50000000293949,28.25315546580567,0.482137459405339,-0.0319435771649355,-0.6229281748378146,
50.60000000294531,28.29406301937425,0.4319123984115631,-0.0319393673817928,-0.6857262022796158,
50.70000000295113,28.34144067440816,0.453223192002395,-0.0319594333012998,-0.7535182370248482,
50.80000000295695,28.388312848918336,0.4972611235838625,-0.0320024070805319,-0.7362672772498898,
50.90000000296277,28.40619307586057,0.3066357123920341,-0.0320403846497649,-0.7354876480708809,
51.00000000296859,28.43338550560388,0.2444168404446603,-0.0316842918203264,-0.7428324555715459,
51.10000000297441,28.46321838826704,0.288431612858446,-0.0313281989908879,-0.737397434234403,
51.20000000298023,28.495384251100692,0.2854411603875439,-0.0308277718008586,-0.7362558061748765,
51.30000000298605,28.516343756673272,0.2640534997631664,-0.0301910890238784,-0.8174018929085723,
51.400000002991874,28.557037717924175,0.3629002844192605,-0.0295673243407412,-0.7759888064469801,
51.500000002997695,28.554177967346483,0.1557516765565274,-0.0295886121246173,-0.7603868888991345,
51.60000000300352,28.577665120074258,0.1603218318305001,-0.0296098999084934,-0.6573293922963049,
51.700000003009336,28.566594335622774,0.0528677370695362,-0.0299715785342226,-0.3259568218604309,
51.80000000301516,28.5829871284147,0.0881603123220031,-0.0306346363785921,0.2418231880803975,
51.90000000302098,28.59508657414999,0.1365654965698073,-0.0313030903240105,0.304265102733904,
52.0000000030268,28.548625168664078,-0.2795425052110371,-0.0323216279289133,-0.1138666039012013,
52.10000000303262,28.50836855238756,-0.4202250458929717,-0.0333401655338161,-0.2352059299521359,
52.20000000303844,28.415618650194897,-0.7488102887931118,-0.0334755248462783,-0.2084382529204972,
52.30000000304426,28.339890256114884,-0.7591106369766147,-0.0328485147706781,-0.2673507534039588,
52.40000000305008,28.26589394224397,-0.7417180426883277,-0.0322186641439536,-0.4303239100311256,
52.5000000030559,28.229090124019287,-0.4686959073655906,-0.0312924115108548,-0.540059276012216,
52.60000000306172,28.23699004687936,-0.1488261346105728,-0.030366158877756,-0.5188935177326096,
52.70000000306754,28.218892142734333,-0.0973428372209544,-0.0296429793493162,-0.4433607728405127,
52.80000000307336,28.192418689537245,-0.1839086434927208,-0.0290944386358531,-0.4438316853580095,
52.90000000307919,28.206219319824157,0.0114796328724216,-0.0285505891497323,-0.4220239147068627,
53.000000003085006,28.166394123669285,-0.2149171199398994,-0.0283061025837285,-0.3820228614662767,
53.10000000309083,28.164000971545963,-0.0950051258037061,-0.0280616160177247,-0.371469958662314,
53.20000000309665,28.14460391432538,-0.1797783517580959,-0.0278103181598322,-0.3155371683707648,
53.30000000310247,28.126612740122,-0.2174207905687738,-0.0275530135876067,-0.2743444853177447,
53.40000000310829,28.131367004175598,-0.0866088272217703,-0.0272889632346893,-0.2750443426084777,
53.50000000311411,28.074836663692952,-0.4202304406831464,-0.0258132369953445,-0.2731968612762827,
53.60000000311993,27.978787847066645,-0.8028174351661754,-0.0243375107559996,-0.2670373039950796,
53.70000000312575,27.859710903265047,-1.0595790553413005,-0.023755469279809,-0.3146632120504618,
53.80000000313157,27.72398085461587,-1.261330791255948,-0.0239762455794125,-0.4653651909650796,
53.90000000313739,27.58949613045424,-1.3126716395402007,-0.024169858982784,-0.597650048794141,
54.000000003143214,27.455220674910617,-1.3435985405678743,-0.0225820930379393,-0.728538191626334,
54.10000000314904,27.28114531525577,-1.621012531626676,-0.0209943270930946,-0.8079716833770417,
54.200000003154855,27.074960407372707,-1.894969724784469,-0.0196341725937942,-0.7942242139502509,
54.30000000316068,26.8993417507475,-1.7920465656557316,-0.0184768918773487,-0.7573001689364427,
54.4000000031665,26.74659191207957,-1.6113555488257936,-0.0173303908529153,-0.7473346404933933,
54.50000000317232,26.574307767164363,-1.6879475506151154,-0.0170678372851473,-0.7281744210579679,
54.60000000317814,26.409259981461823,-1.6577511029908714,-0.0168052837173793,-0.7268457206459443,
54.70000000318396,26.204959978380863,-1.946689366627204,-0.0160350385001439,-0.7459013856610848,
54.80000000318978,26.044331866545352,-1.6937799173474977,-0.0148192077054042,-0.7626103096716884,
54.9000000031956,25.871395954977327,-1.67726075905104,-0.0136150486593405,-0.6101735371474337,
55.00000000320142,25.76296432953561,-1.2441800718773703,-0.0135989829210251,-0.4531450305017261,
55.10000000320724,25.711958227839773,-0.765183981736662,-0.0135829171827097,-0.4454996926850041,
55.20000000321306,25.673279956360048,-0.5125272672274295,-0.0137337160908291,-0.4352745046637671,
55.30000000321888,25.604241327877837,-0.643421501478156,-0.01403021779083,-0.4214073164490196,
55.400000003224704,25.554977293128506,-0.5405173006122221,-0.0143185198997173,-0.4203449150288024,
55.500000003230525,25.49588714750932,-0.5426246547858213,-0.0138122727997645,-0.4022251992635589,
55.600000003236346,25.42335638722991,-0.6885782304067654,-0.0133060256998116,-0.2420442334385382,
55.70000000324217,25.374012985542443,-0.5522549494122557,-0.0130913545946496,-0.0715576251765129,
55.80000000324799,25.320446610233507,-0.5539659906873081,-0.0131389115338421,-0.0273842213134466,
55.90000000325381,25.2649719478462,-0.5628957997129693,-0.0131895684018767,-0.0202027296212617,
56.00000000325963,25.148058767449758,-0.9597948875259436,-0.0134630309191441,-0.0261343371247141,
56.10000000326545,25.023792940060453,-1.1600636507810995,-0.0137364934364115,-0.0504059606594915,
56.20000000327127,24.89316124705805,-1.255708423677371,-0.0136614270935055,-0.0758431704024103,
56.30000000327709,24.69519601808377,-1.7584110899385237,-0.0132503766212109,-0.0775577952064949,
56.40000000328291,24.48511624061678,-1.9494895266234544,-0.0128375937181159,-0.0778500311340935,
56.50000000328873,24.277414960804517,-2.0379579860434136,-0.0122670634730478,-0.0743618273862504,
56.60000000329456,24.074526243921092,-2.011355819687387,-0.0116965332279796,-0.0771613834520035,
56.70000000330037,23.873082715655908,-2.0152154675390164,-0.0110468893322539,-0.1029579702517861,
56.8000000033062,23.671577397399652,-2.016473153733753,-0.0103229504770166,-0.0964488463753978,
56.900000003312016,23.474320359333028,-1.9809432133511804,-0.0095981765446971,-0.0914923526719422,
57.00000000331784,23.29484895232996,-1.841053486056906,-0.0088431087066032,-0.0722876445997827,
57.10000000332366,23.081954252025294,-2.055218321507851,-0.0080880408685094,-0.0380930884027769,
57.20000000332948,22.91268700287608,-1.7756536071775315,-0.0072434430200072,0.0008225968190382,
57.3000000033353,22.84282694498365,-1.0763157759826527,-0.0063143909030156,0.0463386878384928,
57.40000000334112,22.78893269720527,-0.7151811157855055,-0.0054054408041503,0.09115325906413,
57.50000000334694,22.769575331504544,-0.3712692481641845,-0.0052479697002262,0.1141116235855099,
57.60000000335276,22.722625456135635,-0.4390936959044544,-0.005090498596302,0.1646823051834132,
57.70000000335858,22.677475301389503,-0.4512145324153182,-0.0049455809461133,0.2216196700880106,
57.8000000033644,22.650170729568607,-0.3492157882330927,-0.0048125993369982,0.2631889409498179,
57.900000003370224,22.623837269699365,-0.3119305693707752,-0.0046661005033244,0.2386740391122193,
58.00000000337605,22.579006680099663,-0.3776545906973121,-0.0040975025528861,0.1437656403155363,
58.100000003381865,22.5618932077876,-0.2296818874958897,-0.0035289046024478,0.0199434407215988,
58.200000003387686,22.51610131469696,-0.3611655219363074,-0.0024054570780517,-0.2853630637356,
58.30000000339351,22.483052906736923,-0.3546399964397659,-0.0007514816051368,-0.4826917014046675,
58.40000000339933,22.44929829443789,-0.363788577549072,0.0008905518950852,-0.3479913328906812,
58.50000000340515,22.41956234228676,-0.3441099163105567,0.0021039499094453,-0.2175703255290032,
58.60000000341097,22.374360127231064,-0.4047468118987506,0.0033173479238055,-0.1446020112816325,
58.70000000341679,22.34954252292597,-0.2940504415343543,0.0038136837912229,0.0279561160754798,
58.80000000342261,22.29608005567282,-0.4377139510694066,0.0036384722290802,0.1473145090080993,
58.90000000342843,22.242778501971173,-0.512406475240532,0.0034641994660992,0.1486879808150387,
59.00000000343425,22.177517232803343,-0.6177700110968782,0.003318718222866,0.1907150626746543,
59.10000000344007,22.11679313062488,-0.6168872215351423,0.0031732369796328,0.3207885104089197,
59.20000000344589,22.06025397671418,-0.5944080737836486,0.0032642359820361,0.5242935182173163,
59.300000003451714,21.98748536546607,-0.6793230716686149,0.0035737978228032,0.6813166935897105,
59.400000003457535,21.94710184363801,-0.4750984908571852,0.0038837362803409,0.6965351740783942,
59.50000000346336,21.921633816158742,-0.307045039879013,0.0042126346440141,0.7036878111653745,
59.60000000346918,21.910868848162192,-0.1899436780835877,0.0045415330076873,0.7327513570900929,
59.700000003475,21.904622610002964,-0.1178907989474013,0.0052512144350459,0.7168603395287761,
59.80000000348082,21.900017062035083,-0.0988613523486719,0.0063247890074855,0.5899218401582856,
