t,vEgo,aEgo,roll,targetLateralAcceleration,steerCommand
0.0,28.50675773620605,0.0168021451681852,0.0257698411329084,-0.006351003038007,0.17291678515681075
0.1000000000003638,28.504129129470112,-0.010995689938147,0.0253248626914435,0.016538906166925,0.1676553731340776
0.2000000000007276,28.515757074026897,0.0452491774883681,0.0248798842499787,0.0213675987284646,0.16425958752900666
0.3000000000010914,28.4989345674138,-0.1497833450847763,0.0244349058085138,0.0230859943083338,0.16561110712442462
0.4000000000014552,28.50945380834882,0.0840834267836705,0.0239899273670489,0.0162782711518107,0.1986673554384862
0.500000000001819,28.500708998542425,-0.0343866479100166,0.0243045243958285,-0.0389563411245509,0.2449898660150529
0.6000000000021828,28.52325298015378,0.2107179634227483,0.0248423324166002,-0.1165420989709462,0.2616754658145901
0.7000000000025466,28.520854688824397,0.0544668245276413,0.0252489638989417,-0.1425978333230218,0.24174281279114082
0.8000000000029104,28.54501606712365,0.2506876421708535,0.025290037741854,-0.1065235419905432,0.23765032612992418
0.9000000000032742,28.539932726717392,0.0726821873295294,0.0253311115847663,-0.0987270965848983,0.22671774817790102
1.000000000003638,28.55446680547674,0.1001869217026722,0.0252574069761671,-0.0799984661964363,0.2186178164133876
1.1000000000040018,28.57027030746672,0.0819678079023494,0.0251492578524443,-0.0667217684627246,0.21945746881459643
1.2000000000043656,28.58738347152274,0.130769645595168,0.0250044454429545,-0.0697861948535657,0.2133682737520133
1.3000000000047294,28.62256896850397,0.2423676059481674,0.0247683522885014,-0.0615236046105359,0.2140019068152099
1.4000000000050932,28.62856286044893,0.0872431434091303,0.0245322591340483,-0.0650194301297986,0.21796754416769096
1.500000000005457,28.661944070281116,0.2089772292072534,0.0248778755969076,-0.0689946769447103,0.19971228391686027
1.6000000000058208,28.68761527894383,0.2485776934833301,0.0253899780754534,-0.0315995861447745,0.08689425318413656
1.7000000000061846,28.70778996772845,0.1874733518394228,0.025769982249837,0.1706573182307083,0.05412010584491771
1.8000000000065484,28.71654463747132,0.151731396332989,0.0257952433997844,0.2280038677155512,0.06473840026314145
1.900000000006912,28.705216064904636,-0.0131068254922965,0.0258205045497319,0.2097885160219811,0.059785741767110205
2.000000000007276,28.679405594702587,-0.1903222965592982,0.0254767684292521,0.2150998237849722,0.059944036909983
2.10000000000764,28.693987049619423,0.0315679822698119,0.0250261879591954,0.2103727468130024,0.06827192009861367
2.200000000008004,28.67718176118668,-0.0577702205688854,0.0248996731797353,0.1946748822282525,0.07537290109402675
2.300000000008368,28.67513634931516,-0.0271926787492166,0.0256534066335023,0.1897047692707517,0.08409174560929578
2.400000000008731,28.606382268024465,-0.4827797371378406,0.0264071400872694,0.1821178693418971,0.09479603166155087
2.500000000009095,28.59759556921501,-0.2628834754229534,0.0265452230923195,0.1648552876292092,0.15951313979519832
2.6000000000094587,28.555842474894902,-0.4075572244061661,0.0265073991426348,0.051409103093863,0.19743091252062753
2.7000000000098225,28.52118272210164,-0.3548516946294216,0.0264290342628843,-0.0160852259956371,0.22747416244376162
2.8000000000101863,28.46439475127325,-0.5361896698549515,0.0262402118427001,-0.0709273408404434,0.2877679778913697
2.90000000001055,28.446081004631196,-0.2912468731675496,0.0260513894225159,-0.1812549077514434,0.26782125504240656
3.000000000010914,28.419453903304102,-0.2496127612900837,0.0259151681083884,-0.1461361137872383,0.25176249410559803
3.1000000000112777,28.41385486148033,-0.1408031534937686,0.0257944253730098,-0.118335852981313,0.2443015957696522
3.200000000011641,28.386594856655258,-0.2113067062150838,0.0253580253284467,-0.1089745748305337,0.22592764344923433
3.3000000000120053,28.36041879455978,-0.2439740694080948,0.0240950884955321,-0.0883167654881773,0.21700222405510342
3.400000000012369,28.32934420674416,-0.2752752852835646,0.0228321516626175,-0.0845784910666995,0.21188030654822693
3.500000000012733,28.339239987627323,-0.0253690529185335,0.0217148617200164,-0.0865319838371177,0.21342481785993075
3.6000000000130967,28.338959069303108,-0.0605000562452094,0.0206402489448486,-0.0998076524477659,0.21012743163181244
3.700000000013461,28.361099928723032,0.1643461575436035,0.0196662710154741,-0.1036906708641837,0.17871244452274068
3.800000000013824,28.35288507911733,0.009178618091443,0.0189633195415155,-0.0550634935457641,0.13883810582328848
3.900000000014188,28.345980346728044,-0.0084537630269858,0.018260368067557,0.0079152055063843,0.13128701073584673
4.000000000014552,28.3233916995932,-0.1359920380302114,0.0176125894519082,0.0148359412636502,0.1295684014301256
4.100000000014916,28.310921135717663,-0.0817128606926525,0.0169807438587608,0.0116906758437336,0.12839211994017588
4.20000000001528,28.32566219935077,0.0893508514278559,0.0164836749878295,0.0087923259101022,0.12669731193701161
4.300000000015643,28.34112787825627,0.0873076361785383,0.0163410993973485,0.0102712960429755,0.12668992872481258
4.400000000016007,28.36941299870259,0.2111624222644053,0.0161985238068675,0.0087532927419177,0.10279458313305537
4.500000000016371,28.379609813147333,0.1223448516275529,0.0153487229058189,0.0419294964044206,0.0931929314453669
4.600000000016735,28.401502566205146,0.1722351878285557,0.0143121249437769,0.0483485557862561,0.08560827124208041
4.7000000000170985,28.392402000245585,0.0176728510907716,0.0130809604309893,0.0494553986409387,0.0816207601409366
4.800000000017462,28.408942593462843,0.0992644295125483,0.0113253773382201,0.0390950877485655,0.07925900576548381
4.900000000017826,28.419622210355072,0.124897491790181,0.0095697942454508,0.0259356591193788,0.08157454996860708
5.00000000001819,28.433255054510923,0.1601993879809347,0.0080863523148755,0.0073290181169044,0.08042090186572409
5.100000000018554,28.452255028728544,0.1725059262798053,0.0066864994916744,-0.0044588219477029,0.07761371895080547
5.2000000000189175,28.475765516906385,0.2228516169341363,0.0054247683469185,-0.012034435490996,0.06046344305050291
5.300000000019281,28.518027638671096,0.3396453837180555,0.004524522839564,0.0087726716542512,0.015105152660905743
5.400000000019645,28.53547188927213,0.2584841916967588,0.0036242773322095,0.0784830059740335,0.001802661725845347
5.500000000020009,28.57295675575904,0.3279451439625507,0.0024505795076824,0.0899907869985848,-0.00939029674155175
5.600000000020373,28.59729867365778,0.2832382953500081,0.0011947622299635,0.0970678180869042,-0.015043151495873326
5.7000000000207365,28.635273471588107,0.3520534459225222,-7.429640261035907e-06,0.0950933373466742,-0.013352144941956585
5.8000000000211,28.673869516706255,0.3442261681817951,-0.0010409777728421,0.0820401867348815,-0.00026447736784424676
5.900000000021464,28.72684425805354,0.4694979215231977,-0.0020745259054232,0.0491816318785152,0.007779406244937492
6.000000000021828,28.76985175019184,0.416359822536347,-0.0029366139664573,0.0267323522222414,0.0015454487942620642
6.100000000022192,28.82781665242463,0.5363617548253293,-0.0037471152273576,0.0296222695273749,-0.002871220550345918
6.200000000022556,28.85710808787963,0.3944610994343679,-0.0045134780004104,0.0297999533722059,0.013608499098735368
6.300000000022919,28.905729651779115,0.433174459655476,-0.0051709736242694,-0.0053964392238761,0.055237444858169504
6.400000000023283,28.940309545079515,0.3604730925205795,-0.0058284692481284,-0.084605824274868,0.09864722630842371
6.500000000023647,28.979732280263136,0.3762594637027432,-0.0065526471397916,-0.1679397482200281,0.15524835856648955
6.600000000024011,29.017036099640883,0.3396885507721132,-0.0072970204384992,-0.2754097722795728,0.17647010283110678
6.700000000024375,29.04421196651416,0.2820256940550353,-0.0081493852508279,-0.3217333487673328,0.18077601133484372
6.800000000024738,29.075064221126564,0.2676155863439289,-0.0093002840431056,-0.3409328962416935,0.20396511366870565
6.900000000025102,29.095896079094786,0.2281046553571669,-0.0104511828353833,-0.3939764379060303,0.20003217197574283
7.000000000025466,29.08782011874017,0.0294152674173135,-0.0115848851150748,-0.3979599291303106,0.18706955292470115
7.10000000002583,29.08719925471145,-0.0041240287085636,-0.0127132735807332,-0.3857643821554459,0.18680759614557005
7.2000000000261934,29.07826937849862,-0.0423508890674398,-0.0138122735570486,-0.396009798494762,0.1871089961524639
7.300000000026557,29.07368515078812,-0.0701372885512833,-0.0148386064493352,-0.4065831955516838,0.18465046295675805
7.400000000026921,29.06884357688449,-0.0299658924481888,-0.0158649393416219,-0.4122135237171258,0.1991788614184556
7.500000000027285,29.06570204799337,-0.0300944548143524,-0.0161679874388764,-0.4412086163701121,0.2025787851233543
7.600000000027649,29.06365350079073,-0.0243343457439685,-0.0162461719319586,-0.4480681431779287,0.20175108721975535
7.700000000028012,29.08226728213289,0.1149037717436856,-0.0162035134478083,-0.4463102141906699,0.206536566021955
7.800000000028376,29.106875885159152,0.1927315668866607,-0.0158346393169613,-0.4515020794007264,0.2193579740153588
7.90000000002874,29.1566444129211,0.38781425324511,-0.0154657651861142,-0.4714516820688283,0.2251547427457533
8.000000000029104,29.185984089726706,0.3112830261378845,-0.0152826078593517,-0.4804170444146118,0.24522116001606253
8.100000000029468,29.218162627316893,0.3049697383223467,-0.015151827796556,-0.5159630896017587,0.28041195081036946
8.200000000029831,29.23830170049425,0.2496805032262439,-0.015053817302235,-0.5799028664821151,0.26357498052923556
8.300000000030195,29.262751447757275,0.2509844065452067,-0.0150462475399614,-0.5490309495476603,0.26559314723910943
8.400000000030559,29.288734195702837,0.2365733674980989,-0.0150386777776878,-0.552949308604183,0.26754422438604064
8.500000000030923,29.324128941682297,0.3378461412992459,-0.0150404669037804,-0.5569443991942019,0.2679162088280945
8.600000000031287,29.344887951879706,0.225181443244431,-0.0150449568805439,-0.5578989704953963,0.2685252225497277
8.70000000003165,29.387243754904045,0.3718965526026966,-0.0150602357888227,-0.5596318075235561,0.26324338304825323
8.800000000032014,29.40367600068999,0.2444141560577792,-0.0151050619427924,-0.5504896106874413,0.26244094529681455
8.900000000032378,29.45364050060911,0.3781742881231688,-0.0151498880967621,-0.549975458434373,0.2592732885251588
9.000000000032742,29.50201044114393,0.4419766107363085,-0.0153934054659304,-0.5470186716029156,0.2572375881090949
9.100000000033106,29.547407282996648,0.4537338733101724,-0.0156944005720116,-0.5466909638661293,0.244338158993746
9.20000000003347,29.593109752674952,0.4653849166461273,-0.0159269218096423,-0.5256362109843978,0.2367542873240829
9.300000000033831,29.64131782997192,0.4669114886425015,-0.0159838685739664,-0.51270468514939,0.2244099208643156
9.400000000034195,29.692894483618076,0.4810487842289696,-0.0160408153382906,-0.4910627796401111,0.2213082493129748
9.50000000003456,29.760368209423063,0.599906222626651,-0.01621459984097,-0.4876844796595941,0.20054184264726793
9.600000000034925,29.824609080440855,0.6464107466323278,-0.016422012235252,-0.4522149050105954,0.17902043556911096
9.700000000035288,29.88104986289641,0.5993650710806702,-0.0166629571696163,-0.4157422586495819,0.17642509531755624
9.800000000035652,29.94796343913057,0.6694346323472518,-0.0169949708274685,-0.4147488652064401,0.17711744840424606
9.900000000036016,29.99923252578772,0.5472157746482428,-0.0173269844853208,-0.4196323114253468,0.17641931760525084
10.00000000003638,30.065452953612656,0.6343543521157348,-0.0173168988213438,-0.4187397674065861,
10.100000000036744,30.113092217160663,0.5410789280575181,-0.0172192171472636,-0.4176225630667358,
10.200000000037107,30.17805591571263,0.6117418283257078,-0.0171049991463369,-0.4348606035346455,
10.300000000037471,30.232558909424476,0.5683943292745045,-0.0169474839353598,-0.4329132355701282,
10.400000000037837,30.296786718583924,0.6234871903741128,-0.0167899687243828,-0.4377800086768786,
10.5000000000382,30.37062305038622,0.6837607042055059,-0.0163531358232042,-0.4566067339619683,
10.600000000038564,30.44794829704757,0.7641182351781719,-0.0158308041491792,-0.4932937460182204,
10.700000000038926,30.503505976380957,0.6477548051366391,-0.0154931687398308,-0.4976296395142799,
10.80000000003929,30.562873253203044,0.5855301186488543,-0.0156623060358153,-0.5104027798751886,
10.900000000039654,30.628113428968607,0.6293500522928913,-0.0158314433317998,-0.5427426635387754,
11.000000000040018,30.672251253307497,0.4990079814853449,-0.0159962151643544,-0.5495937814979636,
11.100000000040382,30.75672732728749,0.7125145914997311,-0.0161596632995228,-0.5233744228027116,
11.200000000040744,30.818306356337786,0.689504936857918,-0.0162954643427713,-0.5131418154142606,
11.30000000004111,30.889295199571198,0.6724955079842418,-0.0163556532250306,-0.5036684777658414,
11.400000000041471,30.960780522009948,0.7063002445710139,-0.0164158421072899,-0.4836401709668802,
11.500000000041837,31.014112982805905,0.5819113141523735,-0.0168753521412828,-0.4792793150279538,
11.6000000000422,31.049117291401185,0.4242116642610979,-0.0174500607159501,-0.4838620087687711,
11.700000000042564,31.086863953663155,0.4136876294698027,-0.0177729780253965,-0.5039847947450316,
11.800000000042928,31.107362137173887,0.2520838051908004,-0.0174154213701204,-0.516493738840179,
11.900000000043292,31.131694566468123,0.2287665763149239,-0.0170578647148443,-0.5152573643582736,
12.000000000043656,31.1621451431962,0.2515689439734355,-0.0167454160217707,-0.5189107129447197,
12.10000000004402,31.212151283947005,0.421528239653767,-0.0164461195762726,-0.5120150868637992,
12.200000000044383,31.22359035344734,0.2425663643285965,-0.0160476435089158,-0.4729628697851589,
12.300000000044747,31.23246258700105,0.1418482584353565,-0.0153908199675137,-0.471756409290927,
12.400000000045113,31.220238567293304,-0.0478899586295618,-0.0147339964261117,-0.4681292593987798,
12.500000000045477,31.201584590504268,-0.149266481936697,-0.0146673408968629,-0.4535400617740129,
12.60000000004584,31.19825390337668,-0.0729335082752747,-0.0147730567785814,-0.4460404931600122,
12.700000000046202,31.19244375201864,-0.0574915559647454,-0.0146697135547944,-0.4587430200268274,
12.800000000046566,31.1512192859859,-0.3016678537233818,-0.0140455144986434,-0.4503506200117194,
12.90000000004693,31.137321967632857,-0.1764563458552731,-0.0134213154424924,-0.4230089334846517,
13.000000000047294,31.092753956058488,-0.3322934428979133,-0.0137414452856655,-0.4197291897250062,
13.100000000047658,31.073924103963066,-0.2215334758729898,-0.0143538119508769,-0.4620470917567975,
13.20000000004802,31.071659573348697,-0.0829221397188212,-0.0149349854329182,-0.5387092127262162,
13.300000000048383,31.055394090767955,-0.1481232200106307,-0.0154321245911152,-0.5521066205978694,
13.400000000048747,31.03350338772885,-0.1946348334325764,-0.0159292637493121,-0.5520620397282033,
13.500000000049113,31.005004076152208,-0.2303161514216227,-0.0160393604923506,-0.5516521106546366,
13.600000000049477,30.97741469073097,-0.2836031888705818,-0.0160352866993151,-0.53561472418461,
13.70000000004984,30.962092780338907,-0.2011558218082289,-0.0160673031571556,-0.5361716075505589,
13.800000000050204,30.942222492506367,-0.1803097017538071,-0.0161943241421561,-0.5295198222926085,
13.900000000050568,30.94162934511168,-0.0632343525484807,-0.0163213451271566,-0.5218860953215205,
14.000000000050932,30.934765166424253,-0.0793589573304839,-0.0166311418883898,-0.5138359482482817,
14.100000000051296,30.9294238822516,-0.0448776676917782,-0.0169963230482292,-0.5155308733791206,
14.20000000005166,30.9158887129108,-0.084856268573506,-0.0171536383418872,-0.521967931152608,
14.300000000052025,30.90186686239187,-0.1318260554464594,-0.0167624446662664,-0.5104078163148944,
14.400000000052389,30.90132232853668,-0.0341310046073301,-0.0163712509906455,-0.487236137722961,
14.50000000005275,30.88934782420958,-0.0784552057629155,-0.0165639167998254,-0.4889727383623823,
14.600000000053114,30.90979235246257,0.0829238621429355,-0.01693592213425,-0.4948259646025364,
14.700000000053478,30.90939019720752,0.0616829253561561,-0.0171995259206074,-0.4502195687451213,
14.800000000053842,30.915733927777037,0.0216288374312697,-0.017175361055666,-0.443517629319334,
14.900000000054206,30.922497049333423,0.0718888348191556,-0.0171511961907247,-0.4374844338855924,
15.00000000005457,30.910001126861356,-0.026152667578388,-0.0166967258844634,-0.4292162022674995,
15.100000000054932,30.912520031998927,0.0011779756972277,-0.0161155374731048,-0.4171363880337023,
15.200000000055296,30.93429791310345,0.149499353443488,-0.0154389549921343,-0.4068355098480664,
15.30000000005566,30.941216878165942,0.0981645694639517,-0.014506160527969,-0.4015934111423533,
15.400000000056025,30.96834551051948,0.2078277450055433,-0.0135733660638038,-0.386642145114504,
15.500000000056389,30.9736861956186,0.1176734796256807,-0.0137341763233255,-0.3787020576480595,
15.600000000056752,30.97794868195792,0.0613600736875571,-0.0141877520443183,-0.3986795366081305,
15.700000000057116,30.99192246269958,0.1016522054730839,-0.0148102315848079,-0.4178816017754445,
15.80000000005748,30.999439143312667,0.0848837584445661,-0.0158921306683432,-0.4270006211726818,
15.900000000057844,31.012030696047443,0.1335521413417533,-0.0169740297518784,-0.4337461519923287,
16.000000000058208,31.030922716771503,0.1603379861725696,-0.0173535446621595,-0.4472543657132971,
16.10000000005857,31.0475484568278,0.1817918876380359,-0.0175491414056066,-0.449550351482768,
16.200000000058935,31.068583518106177,0.1959917896517957,-0.0176802789256586,-0.450149523535078,
16.3000000000593,31.07988350857697,0.1307279508048753,-0.0176379601382064,-0.4585321825397165,
16.400000000059663,31.087353488806627,0.1135241702510779,-0.0175956413507541,-0.4567662965985053,
16.500000000060027,31.09642063679692,0.0879189045979592,-0.0173795193346025,-0.4755439837605601,
16.60000000006039,31.11852998084646,0.1610296315549678,-0.0171127970960336,-0.472320805265008,
16.700000000060754,31.12952022086774,0.1434697818049784,-0.0170458075039525,-0.4968748464271664,
16.800000000061118,31.137155643792504,0.0754580165526219,-0.0175160401814421,-0.546111761373953,
16.900000000061482,31.151206498398693,0.0994100543119477,-0.0179862728589317,-0.5599067730604635,
17.000000000061846,31.15582113713693,0.089201732720852,-0.0177692440533972,-0.564481491549444,
17.10000000006221,31.167161029471544,0.0804787528746704,-0.0173382232187227,-0.5566226191185387,
17.200000000062573,31.19559804786388,0.2125248940307135,-0.0169840371416801,-0.5468093862611179,
17.300000000062937,31.188965180902613,0.040697370107528,-0.0168284970668523,-0.5583204959093252,
17.4000000000633,31.191400851791947,0.0204623572103215,-0.0166729569920245,-0.5977288717582265,
17.500000000063665,31.19577346029648,0.028546650673027,-0.0170059592136161,-0.6042209434465978,
17.60000000006403,31.200431968991907,0.0369501787388376,-0.0174911625729168,-0.6080454753682591,
17.700000000064392,31.20820188281408,0.075870115199069,-0.0179270803660802,-0.6097885317877448,
17.800000000064756,31.219750440811858,0.1085549601007361,-0.0182329177357605,-0.6240147968674851,
17.90000000006512,31.22084773834407,0.0406521084967816,-0.0185387551054407,-0.6210140749334837,
18.000000000065484,31.23051390492112,0.0621785194000063,-0.0184798335010927,-0.614404999580936,
18.100000000065847,31.23357900702475,0.046666070313009,-0.0183162840550038,-0.588906438189316,
18.20000000006621,31.241682960648287,0.1009663419840427,-0.018318506956282,-0.5888553392367226,
18.30000000006657,31.243153939076805,0.0296359267757503,-0.0187719093629518,-0.591590096883204,
18.40000000006694,31.264624139141443,0.1666752945242262,-0.0192253117696216,-0.60132123910339,
18.500000000067303,31.263031918621333,0.039987521683661,-0.0193409548811129,-0.5929523400330319,
18.600000000067663,31.26955352030849,0.0474852911563078,-0.0193563700032067,-0.5892410236129392,
18.70000000006803,31.26984379467613,0.0319270735478679,-0.0194344704679761,-0.577635106840664,
18.800000000068398,31.273954688577454,0.0704250821140998,-0.0196706477968741,-0.5860015865102076,
18.90000000006876,31.28625085187879,0.0773835994579689,-0.0199068251257721,-0.5697002415305438,
19.00000000006912,31.30389387903112,0.1540374421037662,-0.0199513427464127,-0.557469143048141,
19.100000000069485,31.300476189922563,0.0207587843000245,-0.0199413062031196,-0.5411650597696145,
19.20000000006985,31.29662288674626,-0.0228643563163808,-0.0200258202935953,-0.5377658494316844,
19.300000000070213,31.288318298311413,-0.0530538055218395,-0.0203705478970246,-0.5335344241144468,
19.400000000070577,31.29271999203938,0.0144641449803833,-0.0207152755004539,-0.5429020178098675,
19.50000000007094,31.308825746091884,0.0896621774912521,-0.0207282985765566,-0.5340313343486087,
19.600000000071304,31.31028205907382,0.0548806948723693,-0.0206472926296875,-0.470914814432597,
19.700000000071668,31.298434812210346,-0.0672516726181989,-0.0206604025359507,-0.4325171002811144,
19.800000000072032,31.2872476944417,-0.0986264035021052,-0.0209269767689256,-0.4131115690606816,
19.9000000000724,31.29054603356177,-0.0050929959486825,-0.0211935510019005,-0.4074267452208013,
20.00000000007276,31.294424572993453,0.0434156506591156,-0.021369444076537,-0.3576497270204054,
20.100000000073123,31.29822241945765,0.0282093975033092,-0.021518362381325,-0.3611000619715667,
20.200000000073487,31.298535753540037,0.0226358582438344,-0.0217087902774633,-0.3638054762302853,
20.30000000007385,31.285008620458743,-0.1020852861984848,-0.0220041854170798,-0.3553179638997746,
20.40000000007421,31.288451531068517,-0.0033916086656044,-0.0222995805566963,-0.3564064388009392,
20.50000000007458,31.28411718146073,-0.0139763255810946,-0.0226126107919611,-0.3571451254656191,
20.600000000074942,31.27889371066557,-0.0279914439030095,-0.0229309947558773,-0.3621364136224951,
20.700000000075303,31.268118775685544,-0.0926400670593973,-0.0231866561690706,-0.3705016529882754,
20.80000000007567,31.26344255564141,-0.0553467323210807,-0.0232743278940095,-0.3837414267702956,
20.900000000076037,31.26105359878178,-0.0519472309765694,-0.0233619996189484,-0.4092858841451681,
21.0000000000764,31.263722298702405,0.0127233469020823,-0.0235168844810147,-0.4000059943295382,
21.10000000007676,31.259718618716708,-0.0094533780845366,-0.0236914509370424,-0.399990148137087,
21.200000000077125,31.249104059493057,-0.0820380448891607,-0.0238062634801083,-0.4031973057594337,
21.30000000007749,31.24153984528061,-0.0815736656316837,-0.0237558671691249,-0.4176677126537659,
21.400000000077853,31.238113134269845,-0.0265085545788337,-0.0237054708581415,-0.4136539115465621,
21.500000000078217,31.22562585998908,-0.1174215904590928,-0.0241873959095891,-0.4196142362878471,
21.60000000007858,31.224384204876745,-0.0568574517774765,-0.0248178938931286,-0.4518434237456149,
21.700000000078944,31.22556906404808,0.0134979470782799,-0.0252264997951138,-0.4769882497340357,
21.800000000079308,31.207302015219778,-0.1096887947869258,-0.0250346392313062,-0.5011337073255404,
21.90000000007967,31.21359675956985,-0.0286985705423194,-0.0248427786674985,-0.4992206160342418,
22.00000000008004,31.209501116531865,-0.0084900018862596,-0.0239970350439721,-0.4973239090822131,
22.1000000000804,31.200814558950807,-0.0822293329498331,-0.0229537833035721,-0.4938870446565016,
22.200000000080763,31.19693371048333,-0.0307393769090113,-0.0221609387115735,-0.509590079181507,
22.300000000081127,31.1705374526076,-0.1748522866285328,-0.0220390269382213,-0.5279607002930252,
22.40000000008149,31.160472405288704,-0.1484649607681354,-0.0219171151648692,-0.5735370074872282,
22.50000000008185,31.164942599075022,-0.0229027265956899,-0.021959981498282,-0.5873934947701135,
22.60000000008222,31.14064132167421,-0.1453848790817966,-0.0220515881085203,-0.5894657805689938,
22.700000000082586,31.144034072415124,-0.053822847288787,-0.0221031714365646,-0.6002594955370111,
22.800000000082942,31.13728850319052,-0.0335783878287435,-0.0220503853435741,-0.6219138428702382,
22.90000000008331,31.13695466069257,-0.0264552672564221,-0.0219975992505835,-0.6298461595385586,
23.000000000083677,31.13573810784126,-0.0273175456853337,-0.0220468863650749,-0.6483461411637662,
23.10000000008404,31.13375784495761,-0.0282380964151412,-0.0221270841633918,-0.6667761486753742,
23.2000000000844,31.120618133313688,-0.0848859660806398,-0.0221377759632001,-0.6663663975655687,
23.300000000084765,31.121889188341445,-0.0200065572423368,-0.0219688925560525,-0.6644186601591252,
23.40000000008513,31.12127474693093,0.0228090946868649,-0.021800009148905,-0.6731543389974217,
23.500000000085493,31.1175544258708,-0.0105929478078724,-0.0218036981895913,-0.6724338422209543,
23.600000000085856,31.108849982715707,-0.0726632174878702,-0.0218643700665102,-0.671963614559727,
23.70000000008622,31.108145390137548,-0.0342283596473575,-0.0219078731739998,-0.6603960399643455,
23.800000000086584,31.09200508521592,-0.1000250430402869,-0.0219051053452781,-0.6365461096751506,
23.900000000086948,31.101794308825838,0.0120687273205621,-0.0219023375165564,-0.627144565032504,
24.00000000008731,31.087605355601877,-0.0719578059457072,-0.0218380547250505,-0.6250368702039105,
24.100000000087675,31.082305136343592,-0.0727844198464762,-0.0217563531330494,-0.5969219531935762,
24.20000000008804,31.08158181479849,-0.0429203324694698,-0.0215289080014761,-0.599030263156704,
24.300000000088403,31.081969372549494,0.0085814238950664,-0.0209226086898761,-0.5666246814420647,
24.400000000088767,31.069784673129885,-0.0845394707422054,-0.020316309378276,-0.5567733559320173,
24.50000000008913,31.07291340171192,-0.0250511263841514,-0.0202751529550649,-0.5442421749245503,
24.60000000008949,31.05287849941536,-0.1350399060979029,-0.0203989791896113,-0.5031265957456289,
24.700000000089855,31.071818304088048,0.045122633720477,-0.0207179489767572,-0.4813533831663201,
24.800000000090225,31.06152313200562,-0.0111087141424803,-0.0215243697691182,-0.4764520564338897,
24.900000000090586,31.066279483426637,0.0147799811648977,-0.0223307905614793,-0.4838222893951703,
25.00000000009095,31.059588970002903,-0.0662392997346881,-0.0230148903570569,-0.4583630342002552,
25.100000000091317,31.039885011740022,-0.1033394471483514,-0.0236628861116907,-0.4530965765393874,
25.20000000009168,31.046741970725865,0.0029232566300633,-0.0242811897519056,-0.441871745681872,
25.30000000009204,31.04650320127329,0.0112334279475343,-0.0248206315827024,-0.4462710516907198,
25.400000000092405,31.054560063893287,0.0422366989190044,-0.0253600734134993,-0.4392914199194513,
25.50000000009277,31.06667202435341,0.1214227380759643,-0.0253617146445982,-0.4321338317673646,
25.60000000009313,31.045098788652915,-0.0977579388941285,-0.0252134406041589,-0.3755960624698242,
25.700000000093496,31.045812900845185,0.0001609279615825,-0.02506930362659,-0.3420031203802383,
25.80000000009386,31.04063982569968,-0.0444094512285063,-0.0249362683201333,-0.3376872461197054,
25.900000000094224,31.04717774052097,0.0147273495601694,-0.0248032330136766,-0.3404738868853146,
26.000000000094587,31.056751577770804,0.0709686616791319,-0.0249063473596477,-0.3468945691740859,
26.10000000009495,31.041130703857338,-0.0657775833767494,-0.025076358040254,-0.3482458224108608,
26.200000000095315,31.047780292086003,0.0024975871824999,-0.0252027203981959,-0.3429013623439902,
26.30000000009568,31.044803180995487,0.0246923893323687,-0.0252139890848485,-0.343879711868698,
26.400000000096043,31.032587060179367,-0.0766540877529356,-0.0252252577715011,-0.3342986252135305,
26.500000000096406,31.044624956850864,0.0291458885301203,-0.025093158598159,-0.3556266320136365,
26.60000000009677,31.04880065334665,0.0679554654475177,-0.0249175374317845,-0.3788352767122708,
26.70000000009713,31.045053488529877,-0.0009631012175887,-0.0246152017814394,-0.3980583636569322,
26.800000000097494,31.054824131408,0.0791407190362242,-0.023939519353764,-0.4129049631573492,
26.90000000009786,31.053875454833136,0.0470052866871902,-0.0232638369260885,-0.4538512459958858,
27.000000000098225,31.050729879212643,-0.0093490285917232,-0.0229667290844698,-0.4881324490567419,
27.10000000009859,31.050128685743424,0.0206572223324956,-0.0227778652868846,-0.4859596692756179,
27.200000000098957,31.05702247131344,0.0559431870650033,-0.0227409681678358,-0.5030865771890405,
27.30000000009932,31.05372492154112,0.0073566028974077,-0.0231005326649565,-0.5671295853750031,
27.40000000009968,31.05619974924416,-0.0048200815393309,-0.0234600971620771,-0.5767437098612255,
27.500000000100044,31.05980935155176,0.0476397342829384,-0.0236665576093231,-0.5820782981174987,
27.600000000100408,31.06676428801843,0.0456589549197445,-0.0238314221125309,-0.5743567235057517,
27.70000000010077,31.07187016885736,0.0687578724203828,-0.0239533505764275,-0.5747552884034848,
27.800000000101136,31.077261822776844,0.089530484624997,-0.0239639772166043,-0.5634527216548244,
27.9000000001015,31.07072505701172,-0.0383057770791869,-0.0239746038567811,-0.5603682458350103,
28.000000000101863,31.07493575949341,0.0243023333722895,-0.0240362497146632,-0.5386971730024854,
28.100000000102227,31.057814925959423,-0.1109340438692437,-0.0241126318674789,-0.5303500805998776,
28.20000000010259,31.066333360754907,0.0026025431080935,-0.0241797417591121,-0.5251051318888917,
28.300000000102955,31.072352184521637,0.0962715152033997,-0.02422189668012,-0.5089154178195533,
28.40000000010332,31.074892599271266,0.0298145300840529,-0.0242640516011279,-0.5092778270916852,
28.50000000010368,31.08429703607887,0.0404441368679555,-0.0243512309202941,-0.5120541947603335,
28.60000000010405,31.083472198076333,0.0165124709550107,-0.0244513573795657,-0.4928578614466887,
28.70000000010441,31.079629565837465,-0.0264145639092467,-0.0243824630123817,-0.4836143589564324,
28.80000000010477,31.09258418642723,0.110332586802309,-0.0238395589898519,-0.4559325421539715,
28.900000000105138,31.08087127527547,-0.0490873729365833,-0.0232966549673221,-0.4262714491503944,
29.0000000001055,31.09931515117396,0.0661677488941294,-0.0230286688431488,-0.3925855037620641,
29.100000000105865,31.102151109375217,0.0373813175105578,-0.0228447065709587,-0.3474567376572101,
29.20000000010623,31.097103740020383,-0.014482134114297,-0.0226113342868969,-0.3383032158845628,
29.300000000106596,31.092787087351336,-0.0216556949819783,-0.0222389398418214,-0.3287794782807395,
29.40000000010696,31.103545832124905,0.0494928049793746,-0.0218665453967459,-0.2744112576398035,
29.50000000010732,31.114174184637225,0.0625652627597415,-0.0209728637181759,-0.2635774417751754,
29.600000000107684,31.123147428812285,0.0594297951787922,-0.019925682984795,-0.2470077193145335,
29.700000000108048,31.119675169733693,-0.0163243981620692,-0.018932534836636,-0.1935380398141752,
29.80000000010841,31.11988253485364,0.0071413638134361,-0.0180825184550642,-0.1747709603771391,
29.900000000108776,31.105550986120843,-0.1176081108635755,-0.0172325020734924,-0.1697246248825358,
30.00000000010914,31.12670767763611,0.0813216613027853,-0.016198990116773,-0.159498549977602,
30.100000000109503,31.125763701118352,0.0354450906510582,-0.0151101901988077,-0.1512286345109509,
30.200000000109867,31.12706799050625,-0.0076162329372254,-0.0139457578378983,-0.1215304627485938,
30.30000000011023,31.12719893145053,0.0158402431601492,-0.0125853331974088,-0.0986984643081659,
30.400000000110595,31.124960492257944,0.0109643445968538,-0.0112249085569194,-0.0859344702935784,
30.50000000011096,31.116838745252995,-0.0586120369521827,-0.010640614899472,-0.0801177590013034,
30.60000000011132,31.11732816927831,-0.0198019715321772,-0.010278816404387,-0.0788281887014382,
30.70000000011169,31.1103970485948,-0.0501618236487218,-0.0096851209858958,-0.0719951726881911,
30.80000000011205,31.11299479762108,-0.014958036899345,-0.008505392484695,-0.0655491024904823,
30.900000000112414,31.113903222916548,0.0083343525054518,-0.0073256639834942,-0.0499922303406819,
31.000000000112777,31.110690988062583,-0.0170923886010349,-0.0065341818433402,-0.0337603979443391,
31.10000000011314,31.097101813746548,-0.0720238838100479,-0.0058544763768813,-0.0402800731403769,
31.200000000113505,31.09897127774945,-0.0286359458895411,-0.0052474593723787,-0.0493905419895547,
31.30000000011387,31.09786709278309,-0.0086631072718601,-0.0048391417240601,-0.0688980364615583,
31.400000000114236,31.1172286519484,0.1037150219144446,-0.0044308240757416,-0.0601273260781177,
31.5000000001146,31.11860628798159,0.046118893769684,-0.0035770954448537,-0.0634024845587286,
31.60000000011496,31.134180633358216,0.137142143427592,-0.0025857979615096,-0.0583275821742837,
31.700000000115324,31.12084879423945,-0.0495487836106146,-0.0015922586847021,-0.0515823473231813,
31.800000000115688,31.136862464344578,0.1079235735053999,-0.0005928241585582,-0.0425185818245321,
31.90000000011605,31.13335816471599,0.0161946606362119,0.0004066103675855,-0.0283802902275246,
32.000000000116415,31.172924035590256,0.2461842382823179,0.0017887583020752,-0.0229658273122776,
32.10000000011678,31.17284018155898,0.0927025087951125,0.0032855303564441,-0.012939809780348,
32.20000000011714,31.205635450865376,0.2456102660590664,0.0045711674005422,-0.0025538282138261,
32.30000000011751,31.215458089986704,0.1630132056908779,0.0052833424702208,0.0045853738628843,
32.40000000011787,31.23442646552148,0.2367972568543063,0.0059955175398994,0.0042510309049889,
32.500000000118234,31.242567572821343,0.1468476326050197,0.0072410112997793,-0.0047884482200141,
32.6000000001186,31.27105635098671,0.2240373791815524,0.0086463046407218,-0.0019099268572388,
32.70000000011896,31.304753925244825,0.3212583554180913,0.0099083904723911,-0.0019228515942655,
32.800000000119326,31.31527667114914,0.2256291596344574,0.0107769142983381,0.0123204829832048,
32.90000000011969,31.341654272068062,0.2167833565216788,0.011645438124285,0.0190451598704117,
33.00000000012005,31.387066431575057,0.4077474832961802,0.012379233853218,0.0056192530636483,
33.10000000012042,31.4019367599244,0.227364683697249,0.0130724509680405,0.004529756785353,
33.20000000012078,31.441621692373563,0.3038348974035938,0.0135208948257884,0.0047804577596009,
33.300000000121145,31.47358599507468,0.3390025981783053,0.0133121971705326,0.0105110507606926,
33.40000000012151,31.486754861211104,0.2753061444546339,0.0131034995152769,-0.0044810382697614,
33.50000000012187,31.53805860511472,0.3950313181560134,0.0132447104461191,-0.0079818505622352,
33.60000000012224,31.59633165653427,0.6301199624130375,0.0134864050344576,-0.0030040946163887,
33.7000000001226,31.59904220426668,0.2293824763688211,0.0136282175026946,-0.0018961504417146,
33.800000000122964,31.65675086117993,0.3759885732784486,0.0135010258558265,0.0093336579847508,
33.90000000012333,31.70853407198127,0.5266405776589728,0.0133738342089585,0.0110264804868652,
34.00000000012369,31.7397981469228,0.4725326682968361,0.0134554179533776,0.0138334796036707,
34.100000000124055,31.779748316776207,0.382004029481869,0.0135921765831377,0.0210545043848975,
34.20000000012442,31.84532649925438,0.6295241939187295,0.0137389399630073,0.0141641464153517,
34.30000000012478,31.876901821948618,0.4488534462064749,0.0139134840022427,0.0246435819734046,
34.40000000012515,31.9356386025491,0.5048676852205082,0.0140880280414782,0.0344582690636425,
34.50000000012551,32.00132769905666,0.631123396714322,0.0139602722541258,0.0341676339496062,
34.600000000125874,32.03957785956641,0.494358423490757,0.0137444788359129,0.0344361726924883,
34.70000000012624,32.085592986085786,0.4478621644903011,0.013621987707513,0.0327318997861262,
34.8000000001266,32.14034390171355,0.5545134002734327,0.0137531452798801,0.0403558358563402,
34.900000000126965,32.164974081730605,0.3770988213021268,0.0138843028522472,0.0371764644923359,
35.00000000012733,32.206205425408704,0.3895476321290396,0.0139575512495145,0.0431773778748888,
35.10000000012769,32.2483616943852,0.4250445458113098,0.0140138290136966,0.0442719395824296,
35.20000000012806,32.29091720242423,0.4428838782305108,0.0141028218181861,0.0476573748003542,
35.30000000012842,32.32350026720343,0.3610323481368614,0.0142749235906995,0.0447608084200303,
35.400000000128784,32.36752547285834,0.4283714262026466,0.0144470253632129,0.046755896410759,
35.50000000012915,32.37846165465312,0.2098855833985188,0.0146571283302055,0.0517172888816106,
35.60000000012951,32.401159142829414,0.1831051826954862,0.0148785165864537,0.0530651142955695,
35.70000000012988,32.418210652587675,0.0997638976114743,0.0149968018567544,0.0511197593625027,
35.80000000013024,32.46817051401898,0.3545793634578629,0.0148121925271879,0.0339789212614053,
35.9000000001306,32.468401951347964,0.1440756416595696,0.0146275831976213,0.0425515685022379,
36.00000000013097,32.51388656611481,0.3161633520151491,0.0145992431089553,0.0319938456953807,
36.10000000013133,32.52016831825794,0.1398147274899263,0.0146191062067995,0.0366685344687505,
36.200000000131695,32.54290298350045,0.1445035705553135,0.0146211567994123,0.0341316731545161,
36.30000000013206,32.551832349710125,0.1332366179575913,0.0145746452263531,0.0183891951349095,
36.40000000013242,32.57273985862442,0.1729972688958709,0.014528133653294,0.0238314137461097,
36.50000000013279,32.5759523172426,0.0804597135051836,0.0146714763524183,0.0318973280074521,
36.60000000013315,32.60752198496508,0.2288161614546326,0.014873130517472,0.030519160706306,
36.70000000013352,32.616137985766265,0.1604598659713275,0.0151471849477447,0.0329964656755915,
36.80000000013388,32.61959238738868,0.083774859634953,0.0155930933395375,0.061308949910994,
36.90000000013424,32.62746096188259,0.0956426559242674,0.0160390017313303,0.0603820289935987,
37.000000000134605,32.62959206798538,0.017904262444037,0.0163048898579238,0.0601516000860642,
37.10000000013497,32.63872814362523,0.0026183504576872,0.0165144404732096,0.0661288488097728,
37.20000000013533,32.59418651669401,-0.2619435573790594,0.0165922871992523,0.0736053048610673,
37.3000000001357,32.54982027806485,-0.3720506851428484,0.0163493628629187,0.0685960035046358,
37.40000000013606,32.507618374555456,-0.3827659409234034,0.0161064385265851,0.0569726632470459,
37.50000000013642,32.46695193731594,-0.3733988639420599,0.0162482854946542,0.0476228324081796,
37.60000000013679,32.42884809568883,-0.3612634072479642,0.0165110921150575,0.0214809823576474,
37.70000000013715,32.39685477317809,-0.3158987218425073,0.0168313884200352,0.0435787097506427,
37.80000000013752,32.36562353710507,-0.3012337822079051,0.0173046550607775,0.0484735785791975,
37.90000000013788,32.3320502441196,-0.3281540767816591,0.0177779217015197,0.065356205802767,
38.00000000013824,32.301416915476146,-0.3309191642106693,0.0178563579394593,0.0863568477931118,
38.10000000013861,32.29598868259814,-0.1109805960759317,0.0178230440410333,0.128527730738662,
38.20000000013897,32.29277245173697,-0.0773823802817482,0.0178335130783649,0.1593459905818515,
38.300000000139335,32.314682985357884,0.1275294775845645,0.01795531296674,0.1681411371429566,
38.4000000001397,32.323152583598734,0.104770982859505,0.0180771128551151,0.1599367266890324,
38.50000000014006,32.329428126772754,0.0557090619681976,0.0178366945841933,0.1556106982685783,
38.600000000140426,32.35710909817071,0.1928615711601457,0.0174862989991836,0.1718565788784642,
38.70000000014079,32.38124345310436,0.2497516920831189,0.0172125852811706,0.174348623652099,
38.800000000141154,32.38727116058145,0.1167433398724161,0.0171484608766757,0.175304423645092,
38.90000000014152,32.43086595519112,0.3147356443584174,0.0170843364721809,0.1564848304852799,
39.00000000014188,32.449072306457225,0.2520331806416803,0.0171728212782641,0.1307984256989818,
39.100000000142245,32.48489491473858,0.2869834623728167,0.0173078387289538,0.1125661870371475,
39.20000000014261,32.51940023174679,0.3161454403810399,0.017466270937723,0.1158033534969605,
39.30000000014297,32.57064140166494,0.4523626145938888,0.0176868182827539,0.0447737379427098,
39.400000000143336,32.60479840257805,0.3868028323013482,0.0179073656277848,0.0242805857031558,
39.5000000001437,32.641106035763606,0.3623594985745595,0.0182012809188756,-0.0434467464478959,
39.600000000144064,32.6817328900596,0.3951107717673109,0.0185172337740632,-0.062149761371437,
39.70000000014443,32.7286008008531,0.4523760983746936,0.0188663274148147,-0.0959900155577903,
39.80000000014479,32.7654485366809,0.3877739073272764,0.0193000899791765,-0.150840087750868,
39.90000000014516,32.80855239034548,0.3692776267190683,0.0197338525435384,-0.1990332371609533,
40.00000000014552,32.83723246502088,0.344098526582526,0.0200272209705936,-0.151706486311783,
40.10000000014588,32.880608714909926,0.3680727968848026,0.0202845659836038,-0.1366785653288739,
40.20000000014625,32.941057994403366,0.5609420090574883,0.0204050946571458,-0.0894464795105874,
40.30000000014661,32.99362019229781,0.5884143600850047,0.0201756269694411,-0.090222008192781,
40.400000000146974,33.04283609193929,0.5232573184359254,0.0199461592817364,-0.0054039959595464,
40.50000000014734,33.0922956350059,0.504708057520106,0.0199167006545917,0.0587263914991122,
40.6000000001477,33.135082484804364,0.4832084122469534,0.0199450875949295,0.0694112545840235,
40.70000000014807,33.15446263261072,0.3004122244384433,0.0199403190276805,0.0705775450443792,
40.80000000014843,33.18966976445103,0.2957620270206531,0.0198479230685305,0.057765306823863,
40.90000000014879,33.243212220224834,0.3891009202315226,0.0197555271093805,0.055854765741592,
41.00000000014916,33.30500519084049,0.5460749365471262,0.0197023701136395,0.0506245279016609,
41.10000000014952,33.34297124535373,0.454093222701653,0.0196609282104199,0.0482470348721951,
41.200000000149885,33.38414628977355,0.42172296198527,0.0195577297719287,0.0466647171313584,
41.30000000015025,33.41838110831196,0.3751645973657757,0.0192944750182152,0.0486509914926525,
41.40000000015061,33.45798369915856,0.3871076880530391,0.0190312202645017,0.0494694490839556,
41.500000000150976,33.50216632529981,0.4025545087112095,0.0184703071154825,0.0479548483172192,
41.60000000015134,33.54507866052473,0.4175970321954464,0.0178229367881591,0.0456978711128921,
41.7000000001517,33.559279686595666,0.2640803347562355,0.0174310847393942,0.0106769862384059,
41.80000000015207,33.57350556098056,0.1750885178641048,0.0177116432732052,-0.0294749323258995,
41.90000000015243,33.60774826416464,0.2834380006654483,0.0179922018070162,-0.0157286055342218,
42.0000000001528,33.64422008677423,0.353568159298166,0.0176602274341072,-0.0032268229789646,
42.10000000015316,33.648640476727,0.2149415834734822,0.017153906803235,0.0008099114477024,
42.20000000015352,33.641161942056385,-0.0082060582453485,0.01681695103953,0.0101256756787494,
42.30000000015389,33.638398264619966,0.0050417147920875,0.0169479418766606,0.0274861226331565,
42.40000000015425,33.5997563720652,-0.2175517064348695,0.0170789327137912,0.0245959303873053,
42.50000000015461,33.59044379959576,-0.1540754523020187,0.0171584589408302,0.0228702741079271,
42.60000000015498,33.599549596783895,-0.0309598770657779,0.0172217625959532,0.0342944515163425,
42.70000000015534,33.63795670615927,0.2118356477733256,0.0172232837113045,0.0363624498563444,
42.800000000155705,33.6442339324015,0.1299446393645464,0.0170577404905249,0.0388470808569484,
42.90000000015607,33.65697406288487,0.1079625081381185,0.0168921972697452,0.0334246819588641,
43.00000000015643,33.68653854546209,0.2505869123523482,0.0167691883196128,0.005823451624645,
43.1000000001568,33.697056817716664,0.1929237074881637,0.0166591773735674,-0.0360332123532259,
43.20000000015716,33.70979890565672,0.1797118138587537,0.0165133237638427,-0.0355923510643574,
43.30000000015752,33.72239617324339,0.1210732495063692,0.0162794139040397,-0.0415172269270783,
43.40000000015789,33.693711450747514,-0.1447705989640651,0.0160455040442366,-0.0270399932811939,
43.50000000015825,33.69055607819012,-0.0829915446128425,0.0162550999304035,-0.0330564068693331,
43.600000000158616,33.69961567730268,-0.04713820822012,0.0166012515140128,-0.0429488247114634,
43.70000000015898,33.71450192382355,0.0952120833992804,0.0170046568241659,-0.0292123235100842,
43.80000000015934,33.7089233916808,-0.010593873808799,0.0175612891140895,-0.0135300167425565,
43.90000000015971,33.62344291915463,-0.5877835362812313,0.0181179214040132,-0.0003524414928225,
44.00000000016007,33.60229856328879,-0.3865598349355073,0.0186776042211127,-0.0088720069249238,
44.10000000016044,33.57231543769977,-0.3277397914068154,0.0192380191815795,-0.0779593945971067,
44.2000000001608,33.61649512609087,0.1540535807712045,0.0197197964399334,-0.1100391074014157,
44.30000000016116,33.6296896669962,0.1172760739754692,0.0199989840946491,-0.1277200779199724,
44.400000000161526,33.63804984215834,0.0551189130816475,0.0202781717493648,-0.1218751101853398,
44.50000000016189,33.64432510711848,0.0674109082222177,0.020037438749629,-0.1132846352093155,
44.600000000162254,33.64754985011465,0.0606016648352902,0.0196364112553683,-0.0984410039107892,
44.70000000016262,33.64914965732939,0.0415823758498473,0.0192851573054879,-0.0988118720929251,
44.80000000016298,33.65765381080415,0.0727683924229394,0.0190668637319292,-0.0958811057164106,
44.90000000016335,33.67235171211683,0.1659598789567959,0.0188485701583706,-0.0975270623503825,
45.00000000016371,33.67831023573143,0.1028728575673876,0.0187328273807646,-0.0902329405347552,
45.10000000016407,33.682452667758405,0.0675563886598384,0.0186471334425633,-0.0752385883904801,
45.20000000016444,33.67451990444045,-0.0152782426986191,0.0186312297238581,-0.0557778403490853,
45.3000000001648,33.689686433503795,0.0864288162001493,0.0188366852534864,-0.0228927736066746,
45.40000000016517,33.7085021171164,0.1291430066236535,0.0190421407831147,-0.0022275196313758,
45.50000000016553,33.728857835278255,0.1339157333955486,0.0189737955104026,0.0003427691992916,
45.60000000016589,33.73347888376739,0.0754385893672344,0.0188276938668294,0.0239349191973024,
45.700000000166256,33.7370112667783,0.0405154658889131,0.0187336636799083,0.0132536768634746,
45.80000000016662,33.738983604416525,0.0527282043949642,0.0187833464990012,0.0348351693360358,
45.90000000016698,33.732178937088555,0.0173017040962079,0.018833029318094,0.0526348868849011,
46.00000000016735,33.71594253186534,-0.0626618100707967,0.0191544267967385,0.107938813103914,
46.10000000016771,33.72336848927746,0.0029264070570375,0.0195557961412702,0.1212745180903053,
46.20000000016808,33.738695336490736,0.1603447474320739,0.0197244167744038,0.1300187966919105,
46.30000000016844,33.71571831136539,-0.0781923511854459,0.0192399576530941,0.1637413814107803,
46.4000000001688,33.72435967999944,-0.0146595885285546,0.0187554985317845,0.2300445593234212,
46.500000000169166,33.71998776226438,-0.04888938966039,0.0180971556428845,0.2197117988389881,
46.60000000016953,33.703889899701586,-0.1185394088918274,0.017392217844668,0.1938648690774116,
46.70000000016989,33.67932315251576,-0.184629083908051,0.0167831163853327,0.1861339312270173,
46.80000000017026,33.67021002866893,-0.1367372180365862,0.0164310169172294,0.1657400932295175,
46.90000000017062,33.66434835600563,-0.0828651900031112,0.016078917449126,0.1502928865610479,
47.000000000170985,33.64300928465875,-0.187785687042512,0.0165045437051209,0.1563311347285924,
47.10000000017135,33.626768380549414,-0.1833820776534499,0.0171587906378078,0.1392683844062777,
47.20000000017171,33.60668752548603,-0.1979772782798982,0.0177397550573863,0.1036116051932143,
47.30000000017208,33.59048186594821,-0.1279621180169521,0.0181248198373801,0.0946635798365244,
47.40000000017244,33.56332918401888,-0.2255409182860833,0.0185098846173738,0.0643738966790094,
47.5000000001728,33.54115174439944,-0.2430228846277901,0.0186885826069784,0.0579950831038775,
47.60000000017317,33.52405676788399,-0.1800820757007008,0.0188055468680626,0.0555424699954588,
47.70000000017353,33.49394540141135,-0.2164223833323783,0.0187319974173819,0.0166819858703465,
47.800000000173895,33.44219294603073,-0.4215960466438178,0.0181506551293955,0.020839070865836,
47.90000000017426,33.429169910953554,-0.253738172746669,0.017569312841409,0.0107551449395396,
48.00000000017462,33.3957359669031,-0.2951105166911619,0.0171117816880906,-0.0144271311374704,
48.10000000017499,33.364942229997624,-0.3098124437664531,0.0166907140078729,-0.040270876094477,
48.20000000017535,33.33797141432396,-0.3192468005770499,0.0163856045515685,-0.0459214874329842,
48.300000000175714,33.3152929763332,-0.2768449894584683,0.0164121231344592,-0.0611071020377519,
48.40000000017608,33.28543345117311,-0.2582528335767825,0.0164386417173498,-0.0654021899034533,
48.50000000017644,33.255749546604925,-0.3120821327541668,0.0162851969757537,-0.0596313571111401,
48.600000000176806,33.234873344759094,-0.1851706975145785,0.0160790389543057,-0.0514038597441056,
48.70000000017717,33.19201324696987,-0.3402050155890243,0.016061023410621,-0.0403307372187077,
48.80000000017753,33.16636764898569,-0.2578945829979893,0.0165820768777719,-0.0296335976682927,
48.9000000001779,33.13427598140644,-0.3290844463509494,0.0171031303449229,-0.0264559997878181,
49.00000000017826,33.113294490142174,-0.2272551094486921,0.0174243226384162,0.029996825428272,
49.10000000017863,33.08047533261403,-0.2923540537076462,0.0176887659013288,0.0375208803672693,
49.20000000017899,33.0469771091843,-0.3557325272744832,0.0176809330132567,0.0347894882495266,
49.30000000017935,33.01472659811255,-0.3405500804536758,0.0169499654773069,0.0233030858236748,
49.40000000017972,32.989366552710614,-0.2459077384427595,0.0162189979413572,0.0122531159670595,
49.50000000018008,32.938659155070496,-0.4230253293336629,0.0157741514779207,0.0105462060234072,
49.60000000018045,32.90794458745656,-0.3601818511138777,0.0154176298990721,0.0055475002882066,
49.70000000018081,32.86126013981061,-0.4065057489308225,0.0152484387303906,-0.0009724037204057,
49.80000000018117,32.81906777320719,-0.4151943791171851,0.0155394088998621,-0.0029612032845907,
49.900000000181535,32.75512303532184,-0.6661360738446179,0.0158303790693336,0.0021045371454902,
50.0000000001819,32.78660462704776,-0.0813762115456253,0.0158765976165917,0.009212503247419,
50.10000000018226,32.749495403193286,-0.2144650193447851,0.0158542593543533,0.0135607715229976,
50.20000000018263,32.72574531440757,-0.3419863974614396,0.0157698001159054,-0.0052923840838481,
50.30000000018299,32.707853881631905,-0.2211609636130387,0.0155128217539647,-0.0041310330857589,
50.40000000018336,32.669263765656865,-0.3223933532631861,0.0152558433920241,0.0059548204598507,
50.50000000018372,32.64004163340248,-0.3096906993388359,0.0153565941309611,0.0200121629472729,
50.60000000018408,32.60483569668577,-0.3933546542419935,0.0155605921213151,0.0222825777622867,
50.700000000184446,32.60771999097791,-0.125268720855278,0.0156669331052774,0.0384122333727624,
50.80000000018481,32.579786877957524,-0.2370730212490477,0.0155164468532117,0.038158815547942,
50.90000000018517,32.55501914134798,-0.2403523458604761,0.015365960601146,0.0382357837332207,
51.00000000018554,32.52739032096111,-0.2392893869824262,0.0152049631159064,0.0362374967350703,
51.1000000001859,32.49793990448122,-0.264110317158134,0.0150407552867424,0.0365415393440345,
51.200000000186265,32.478477187148,-0.2408194977882602,0.0148440103992254,0.0372284839849583,
51.30000000018663,32.471123279911275,-0.1062308700258029,0.0145600102406697,0.0433075523517842,
51.40000000018699,32.438040647384234,-0.2190685414730791,0.0142760100821139,0.0449470761223489,
51.50000000018736,32.4255927094236,-0.1499277387923856,0.0138665958686511,0.0332419328594229,
51.60000000018772,32.41716718823217,-0.0674775539875011,0.0134183032579734,0.0252777305762349,
51.70000000018808,32.40104014494511,-0.1066577224355499,0.0131963688832587,0.0185335414387729,
51.80000000018845,32.381391327064854,-0.1830230272179588,0.0135724444389758,0.0185769370908575,
51.90000000018881,32.384269359670235,-0.0070054994959916,0.0139485199946928,0.0317602933988016,
52.000000000189175,32.36529985213367,-0.1012056267466647,0.0142658546490572,0.0446004472447943,
52.10000000018954,32.34609343204576,-0.1689153338526998,0.014565418200906,0.0580238964988779,
52.2000000001899,32.349595367078194,-0.035816246613075,0.0147250785259685,0.0628194614924196,
52.300000000190266,32.3230595181696,-0.1453467884109309,0.0144978939391932,0.0599369350404033,
52.40000000019063,32.29601701579597,-0.2753956092743588,0.0142707093524179,0.0535425723011089,
52.500000000190994,32.30944746539309,-0.0036799641612511,0.0145724499469831,0.0474959926566113,
52.60000000019136,32.2900413552205,-0.0929068833838836,0.01502800056909,0.0490842098034009,
52.70000000019172,32.27828428555512,-0.1587244174264503,0.0153687962239781,0.057175962073674,
52.800000000192085,32.283269040912536,-0.0813018462935112,0.0153960749017784,0.0507621010612013,
52.90000000019245,32.284042134597044,0.0045525193397803,0.0154233535795786,0.0501541591914723,
53.00000000019281,32.25144429807927,-0.2155524986740077,0.0150891503656737,0.0490546855969477,
53.10000000019318,32.24931774731944,-0.1257289776870051,0.0146580598851943,0.0485636552739232,
53.20000000019354,32.22418585393265,-0.1891512196192546,0.0140181584214171,0.0215588924349282,
53.300000000193904,32.212589333088616,-0.1844574243860071,0.0128152400484625,0.0093629901898385,
53.40000000019427,32.2152268652906,-0.0622963853391168,0.0116123216755079,-0.0063175410951852,
53.50000000019463,32.209893787161384,-0.0592153227276799,0.012235897669572,0.010608300291967,
53.600000000195,32.1982615543621,-0.1238374212652577,0.0134200653191965,0.0138178886072484,
53.70000000019536,32.20787980444009,0.0066326817982094,0.0142522264106607,0.0218278691086292,
53.80000000019572,32.1828102170452,-0.1249505092486551,0.0141885700697959,0.0427588295539979,
53.90000000019609,32.172446465559815,-0.1613331004715789,0.0141249137289311,0.0491875646297909,
54.00000000019645,32.18968351339121,0.0343507945991965,0.0136182919078294,0.045141296959611,
54.100000000196815,32.19024578864991,0.0477835585270982,0.0129827889647084,0.0382912952613757,
54.20000000019718,32.17033003511496,-0.1189201773738794,0.0124852412913712,0.0353620794993948,
54.30000000019754,32.18023111227864,-0.0057133714172703,0.012341889449148,0.0227783454200003,
54.40000000019791,32.16309497380104,-0.0534281157918535,0.0121985376069247,0.0208221531403441,
54.50000000019827,32.14701938715364,-0.1432955100714078,0.0121190180463308,0.0210623051931507,
54.60000000019864,32.148120003302154,-0.0794055176324923,0.012056088399964,0.0319511032497027,
54.700000000199,32.15278549315954,0.0575980291113504,0.0119673174670719,0.0322330847275329,
54.80000000019936,32.13750761478294,-0.0640680689882456,0.0118019702793804,0.0290475295905028,
54.900000000199725,32.14980692981897,0.0482811242529073,0.0116366230916888,0.02641963318794,
55.00000000020009,32.13510625323971,-0.0434994455149546,0.0118519375077573,0.0441210384330768,
55.10000000020045,32.13086601883536,-0.019979975607461,0.0121808752640864,0.0293356592003991,
55.200000000200816,32.127314946200784,-0.0469240399285069,0.0123074787168121,0.0318178670685091,
55.30000000020118,32.08226517248532,-0.2527692529462237,0.0118969403270461,0.0329936295308671,
55.40000000020154,32.08707837292186,-0.1388518290193219,0.0114864019372802,0.0345159583278458,
55.50000000020191,32.0865470960684,0.0089478093414605,0.011303404214161,0.0369839169827601,
55.60000000020227,32.05654698905883,-0.2022031535143904,0.0111861965735126,0.0193899429558557,
55.70000000020264,32.07558373814242,0.0292773850587193,0.0109873219505907,0.0097421746106427,
55.800000000203,32.079595205920306,-0.0027897693394838,0.0105687255021612,0.0086159790084625,
55.90000000020336,32.050353724452535,-0.1141680300443659,0.0101501290537317,0.0036937041967238,
56.00000000020373,32.05194349444734,-0.072112407972762,0.0099535621900447,-0.0011057347814018,
56.10000000020409,32.05841676303892,0.0736884693793633,0.0098200515773713,0.0079633062383415,
56.20000000020445,32.03377422622139,-0.1204529505580486,0.0097033860700281,-0.0007817190228981,
56.30000000020482,32.02897409289163,-0.0588468235558619,0.0096291822854801,-0.0011855339185075,
56.40000000020518,32.00711460921087,-0.1587521334836916,0.009554978500932,-0.004886819318899,
56.500000000205546,32.01660733541421,-0.0822250357863652,0.0094687520128085,0.0040587534954663,
56.60000000020591,32.01825777312543,-0.0044063214803907,0.0093787477015839,0.0010472583295514,
56.70000000020627,32.02132213866865,-0.0436275532872478,0.0090774271972609,-0.0011560207571024,
56.80000000020664,32.00747804502362,-0.0504317799136617,0.0082052964643327,0.0051883388550137,
56.900000000207,32.00284676175526,0.0135778562056998,0.0073331657314046,-0.0111290757711143,
57.000000000207365,31.98664543998175,-0.0622402360699032,0.0076020116068712,-0.0021060451278447,
57.10000000020773,31.99199609218159,0.041962572716126,0.0082218952495988,-0.0012596035865847,
57.20000000020809,31.990441992554565,0.0030771427000987,0.0089300756092679,0.0029437016169292,
57.300000000208456,31.969339181882287,-0.178869703396941,0.0098631432503182,0.0136774159559129,
57.40000000020882,31.98152614024984,0.0026463040374175,0.0107962108913685,0.0204032426483446,
57.500000000209184,31.97590604872204,0.0774577837245102,0.0110699392916617,0.0238802440732669,
57.60000000020955,31.96510764986389,-0.047599005970227,0.0111450842317958,0.0279972619579686,
57.70000000020991,31.967152873803556,0.0467433669970281,0.0111499853285225,0.0303880371021112,
57.80000000021028,31.951008916142605,-0.0582704282555037,0.0109769744912918,0.0311890048321701,
57.90000000021064,31.936242099857115,-0.1347746789999351,0.010803963654061,0.0289034338593201,
58.000000000211,31.94403205478037,0.0112324779538605,0.0105474264280613,0.0164096823392648,
58.10000000021137,31.940276714692946,0.0139406582664894,0.0102663290779463,0.0153794850012858,
58.20000000021173,31.906361221305357,-0.2219246883773576,0.009944464306612,0.0121018715894063,
58.300000000212094,31.91766416013813,-0.0091164474969976,0.0095146324584833,0.0068413256750113,
58.40000000021246,31.888141369513416,-0.1544880357404616,0.0090848006103546,0.0230125084350038,
58.50000000021282,31.887269228292585,-0.1119201743311579,0.008963969283789,0.0227070257062912,
58.60000000021319,31.89636576134559,0.0092065247040298,0.0089336312619504,0.0247628676705552,
58.70000000021355,31.89330600649245,-0.0281685027599256,0.0088351883008141,0.022818699906087,
58.80000000021391,31.88050268344643,-0.0462331813559936,0.0085536770188295,0.0185668705496427,
58.90000000021428,31.8777190442594,-0.0342858898295184,0.008272165736845,0.0139878747133271,
59.00000000021464,31.85360298720804,-0.1517494874797579,0.0082640538321071,0.012676615615728,
59.100000000215005,31.850622529578807,-0.1237629511977374,0.008338665683877,0.0233609431286072,
59.20000000021537,31.85754692209593,0.0046661177732968,0.0084184332514541,0.0244207086311646,
59.30000000021573,31.8523255005902,0.0011948669390101,0.0085119886434249,0.02771260905942,
59.400000000216096,31.827968383162343,-0.1654849957118978,0.0086055440353957,0.030850508904673,
59.50000000021646,31.831885216568683,-0.077996224563636,0.008862994224163,0.035064507611228,
59.60000000021682,31.813103894144582,-0.140373279282271,0.0091635133712333,0.0405937855199581,
59.70000000021719,31.78382650819568,-0.2984980568900785,0.0092691244820202,0.0432681733825716,
59.80000000021755,31.778008717067564,-0.2255919829226188,0.0088620317977441,0.0393880899748981,
59.90000000021792,31.7629152040303,-0.2378883918986527,0.008454939113468,0.0325091223120196,
