t,vEgo,aEgo,roll,targetLateralAcceleration,steerCommand
0.0,34.39192581176758,-0.0050601651892066,0.027718477803813,0.0305604278513928,0.18113687915015853
0.1000000000058207,34.38559084392288,-0.0520937744652677,0.0275785585481944,0.0268502176664854,0.17592922956129278
0.2000000000116415,34.37814302713718,-0.0838457028712246,0.0274386392925758,0.0361251777766064,0.1832051115077963
0.3000000000174623,34.37696761512557,-0.0555264736157854,0.0272987200369572,0.0199758472129329,0.18856648835394477
0.400000000023283,34.37629114778177,-0.0334631784018902,0.0271588007813386,0.0076927117647665,0.18781170209372983
0.5000000000291038,34.37716456725964,0.0076626629906817,0.0271125526877731,0.0087691671930426,0.1873469110902966
0.6000000000349246,34.37484801534995,-0.0165716768440218,0.0270793409162623,0.0094117317092284,0.19351091420271085
0.7000000000407454,34.36926687023603,-0.0608874649388774,0.0272682192564113,-0.0012518448912249,0.19507210522357898
0.8000000000465661,34.375567149182,-0.0107335775252635,0.0278247282433784,0.0009580812886192,0.2012471283737104
0.9000000000523869,34.37178994890162,-0.0129401615520045,0.0283812372303456,-0.0061704615125669,0.2046744267098749
1.0000000000582077,34.358057193124495,-0.0976039701049138,0.0285155709546601,-0.0117312389669959,0.20399241896423753
1.1000000000640284,34.35361883030634,-0.0612054338760421,0.0285897883763871,-0.0095623288001385,0.2047478275306298
1.2000000000698492,34.355053476336174,-0.0149723290548667,0.0285411315405868,-0.0116005443089945,0.2097518433344639
1.30000000007567,34.35529428990873,0.0058019525355657,0.0282887115811876,-0.0243338170953264,0.2020141903867931
1.4000000000814907,34.35599385536821,0.0224213651227855,0.0280362916217884,-0.0109653730809877,0.20162338268140587
1.5000000000873115,34.349409733954666,-0.0357535577880599,0.0278638919850453,-0.0117910141940615,0.20125909485012167
1.6000000000931325,34.35190370352785,-0.0135958675270367,0.0277031843445648,-0.0126466918255022,0.19534425268429842
1.700000000098953,34.3586437250378,0.0282519298271696,0.0275518003596623,-0.0021114244926895,0.18896098025335376
1.8000000001047738,34.36038514535158,0.0267193439358889,0.0274160819322076,0.0095593003149817,0.1892989932110681
1.9000000001105943,34.35315405227227,-0.0369597318739998,0.0272803635047529,0.0076069335402281,0.1903035145150002
2.0000000001164158,34.33627036901481,-0.111673974158294,0.0273804108028997,0.0066991308247602,0.18608895133517422
2.100000000122236,34.33430241769001,-0.0651437796677632,0.027518148085628,0.0166471093837419,0.18582374696929688
2.200000000128057,34.33046338555722,-0.0244821760265936,0.0275975151345786,0.0179998582275271,0.18323958861704123
2.3000000001338776,34.33030742923096,0.0023693829933812,0.0275779317811058,0.0230628721483849,0.18108939716199682
2.4000000001396984,34.32435301211408,-0.0364647774713585,0.027558348427633,0.0272918744247067,0.18494996394146745
2.500000000145519,34.31755403860355,-0.0862309512863779,0.0274350705913065,0.0183008678428562,0.19062360954045962
2.60000000015134,34.32135944050998,-0.0091401566968217,0.0272980839660645,0.005379398513386,0.18579884811620576
2.7000000001571607,34.322017208177314,8.831351088894564e-05,0.0273947273221199,0.0161388886355797,0.17934622625633037
2.800000000162981,34.310434146005136,-0.0680424700611286,0.0278775436299005,0.0340829271177988,0.1779287028919252
2.900000000168802,34.3029277716981,-0.0857420538345075,0.028360359937681,0.0417581224516211,0.18512941440211492
3.000000000174623,34.305246721588254,-0.0329967316522856,0.0277871714493876,0.0215006489926399,0.18225976524644114
3.100000000180444,34.309059730437546,0.021529402639685,0.0270829633652787,0.0203897338173232,0.18729808818104124
3.2000000001862645,34.31067099174832,0.018483100451323,0.0266677003157738,0.006064434523062,0.19368188938822684
3.3000000001920853,34.30839408238008,-0.0128701869768905,0.0267235806037356,-0.0063618889311646,0.20030335267469776
3.400000000197906,34.30180041186595,-0.0550471528395304,0.0267794608916974,-0.0192561333082441,0.20575530124748764
3.500000000203727,34.30199832754551,-0.0086561115635604,0.0267189136249656,-0.0309939872908595,0.20335125180966335
3.600000000209548,34.298862423364305,-0.0115543313933601,0.0266439060757435,-0.0267823985315232,0.1982405687643018
3.700000000215368,34.30143123140033,0.0147434107727163,0.0268305092260071,-0.0145415491112159,0.20081705483200626
3.800000000221189,34.29075721740742,-0.0696826114522601,0.0274280042187801,-0.013835916840631,0.19661271226238486
3.90000000022701,34.29211636588654,-0.0146123587383389,0.0280254992115532,0.0005876282660017,0.1957806807561728
4.000000000232831,34.29005659206416,-0.0029855417065033,0.0283959425070159,0.0059362060244672,0.19550503819314174
4.100000000238651,34.270591264071854,-0.1197822079767913,0.0287382918336799,0.0100423180843625,0.202303491137249
4.200000000244472,34.255705610537426,-0.1595745463999233,0.0290267053588261,-0.0008446398891528,0.2095253020212188
4.300000000250293,34.25520662002873,-0.0696810446390927,0.0292290395438737,-0.0136115017764115,0.21709903920550272
4.400000000256114,34.25670661370248,-0.0123268877351946,0.0294313737289213,-0.0271585959548335,0.2174778070857062
4.500000000261935,34.25498962220617,-0.0158500334430804,0.0293980850368849,-0.0282435556648938,0.21644223960544853
4.600000000267755,34.25497756825005,-0.0058260423157697,0.0293362494966665,-0.0267256272980865,0.22092045053325748
4.700000000273576,34.254232111875595,-0.0257002297806249,0.0292728044464312,-0.0365309974962672,0.22590676147201208
4.800000000279397,34.259718403558765,0.027149817828559,0.0292067813379205,-0.0474920292708654,0.22489185026944533
4.9000000002852175,34.24826683175959,-0.0400713220050329,0.0291407582294098,-0.0459228750328486,0.22544878362962112
5.000000000291038,34.23007850704262,-0.132202952529996,0.0292952082431965,-0.0453501217602885,0.23204476952850575
5.100000000296859,34.2157628809287,-0.1473222983175388,0.0294772883865479,-0.0569793968447254,0.23088558116054647
5.20000000030268,34.21549687042274,-0.0467574530185507,0.0294987735417098,-0.0543774490918038,0.23283924527020247
5.300000000308501,34.21443144500497,-0.0182721465486795,0.0292674271732895,-0.060659223498896,0.22410206835190888
5.400000000314321,34.21230224114618,-0.0158197249396947,0.0290360808048692,-0.0449245739327094,0.22393797135914031
5.500000000320142,34.20447123897815,-0.0670776029475209,0.0291022706373626,-0.0438512921033954,0.21861232025726632
5.600000000325963,34.20009303530157,-0.0749781888445495,0.0292071228215885,-0.031848911669172,0.21913105123186905
5.700000000331784,34.20047671943642,-0.0386668430321157,0.0296044926620405,-0.0290197990808992,0.22009107371766748
5.800000000337604,34.1842854412773,-0.1039091968258367,0.0304747712375496,-0.0222776842980107,0.22100357420172467
5.900000000343425,34.17768913642733,-0.0806693200725348,0.0313450498130587,-0.0155426754694648,0.2257663482207309
6.000000000349246,34.16286474436393,-0.1349657513006583,0.0315772687400174,-0.0228719858335187,0.22421276463101378
6.100000000355067,34.16288373949516,-0.0468906182544642,0.0317211098215342,-0.0182733856263772,0.21640450781451595
6.200000000360888,34.16307003303093,0.0184460493638152,0.0317836408147753,-0.0016649677203223,0.22057820908784384
6.300000000366708,34.146781943935146,-0.099797353682001,0.0317156740238342,-0.0106983837963356,0.22660975500750538
6.400000000372529,34.130869358105464,-0.1589442452990166,0.031647707232893,-0.0235524433841117,0.22346259370230973
6.50000000037835,34.125165464944914,-0.0860637064197984,0.0307217841687161,-0.0261143716634241,0.23054957789803204
6.600000000384171,34.11317057894001,-0.0913036309298532,0.0296897737245314,-0.0506374076218345,0.23010448440477368
6.700000000389991,34.09335887434999,-0.1565948736827129,0.0290470221192064,-0.0557989509919736,0.2267724644136703
6.800000000395812,34.08774901057716,-0.1029737526031338,0.0290662798962183,-0.0487121122371197,0.22673751028275796
6.900000000401633,34.08068232386099,-0.0962020690671871,0.0290855376732302,-0.0483719483242721,0.2187138899400691
7.000000000407454,34.07402160545418,-0.063794278034392,0.0289610688904663,-0.0331025176224369,0.21703605305009327
7.100000000413274,34.05525719273831,-0.1389931321258373,0.0288164934022102,-0.0308919470776411,0.21201480993615707
7.200000000419095,34.043316515884456,-0.135797703679557,0.028911678467253,-0.0195962896645256,0.21455721864457009
7.300000000424916,34.03987989745662,-0.0690726875132756,0.0294084167947583,-0.0198683016971917,0.20953419815618243
7.400000000430737,34.0301853451928,-0.0661193537884792,0.0299051551222636,-0.0046694108542632,0.2085079591923793
7.500000000436557,34.019490796420875,-0.0881675530358109,0.0299176453748035,-0.0023499214369188,0.20749392459445243
7.600000000442378,34.00789282065005,-0.1207747572803476,0.029857106279222,-0.0007639623762637,0.20976252770664724
7.700000000448199,33.99884273499748,-0.1016165340522786,0.0298316986458154,-0.0055294246590213,0.21235007396926414
7.80000000045402,33.99050234242753,-0.0988646226481745,0.029865077147786,-0.0103774113566953,0.20704098166448753
7.90000000045984,33.98350801692066,-0.0679919561744644,0.0298984556497566,0.0008074587620698,0.19973697488219588
8.000000000465661,33.97216104459514,-0.1014182856223823,0.0296256416238901,0.0130483656626189,0.203575347678566
8.100000000471482,33.969205231013454,-0.0662729561127563,0.0293101569954368,0.002209557422708,0.20431430043860743
8.200000000477303,33.97174887469616,0.0037669368094053,0.0291390642170008,-0.0009910027758508,0.2000720712382943
8.300000000483124,33.97374192336811,0.0252857404797926,0.0292057283693608,0.0082372006264965,0.19565355244680685
8.400000000488944,33.96963272338587,-0.006075188970084,0.0292723925217207,0.017868318311318,0.19549193474285134
8.500000000494765,33.9630951238747,-0.0551509655945838,0.0293292275920062,0.0188139445275415,0.18982450335416912
8.600000000500586,33.965287571027304,0.0024206783160765,0.0293848046624994,0.0307819461316337,0.19009844912337096
8.700000000506407,33.95736573589364,-0.0256909516767689,0.0292527990420243,0.0290073463571262,0.19047406379470053
8.800000000512227,33.94933055350372,-0.0449159237602997,0.0288122547236297,0.0240033958166773,0.19104707708298135
8.900000000518048,33.94107912698158,-0.0693330995412411,0.0283717104052351,0.018603466828452,0.19209169003456417
9.000000000523869,33.9463847228084,0.0003110508228288,0.0283931301644345,0.0166571443555546,0.1869396250261616
9.10000000052969,33.95391653040951,0.0580754945643306,0.0284798533512233,0.027827725883105,0.17599944414778837
9.20000000053551,33.95222775577099,0.0062458143645541,0.0285536517032068,0.0505745567440891,0.17623849762833182
9.300000000541331,33.95091389955966,-0.0230455511972952,0.0286056447318176,0.050615359679764,0.17690155497546772
9.400000000547152,33.95246367557363,0.0053277307553221,0.0286576377604283,0.0497801662829023,0.17898002613632769
9.500000000552973,33.953794347103134,0.0205903083035538,0.0286378184380552,0.0453975322396629,0.18039173041290424
9.600000000558794,33.93762421421647,-0.0922914507320365,0.0286076807340576,0.0424035533162978,0.181486829472747
9.700000000564614,33.92743559806566,-0.1200293253475069,0.0286021177816504,0.0402359937186954,0.182971702530646
9.800000000570437,33.92509435000789,-0.0567203605081472,0.0286382567321701,0.0376251003628348,0.18409031779305643
9.900000000576256,33.92485304846663,-0.0125514512046987,0.0286743956826897,0.0357315107622689,0.1854841356394993
10.000000000582077,33.91077104630855,-0.0821740417112244,0.0287027931431032,0.0333308315677753,
10.100000000587896,33.90257211151564,-0.1093389655402733,0.028729999014313,0.0323203845877054,
10.200000000593718,33.897194651770135,-0.0790848889532712,0.0286677451919474,0.0309829326859094,
10.30000000059954,33.89244266719898,-0.0400618303882971,0.0284580161330221,0.0180278333393926,
10.40000000060536,33.87448139407616,-0.1149016871358492,0.0282482870740968,0.0131389872808594,
10.50000000061118,33.865484772974575,-0.1105815636067225,0.0280779744827665,0.0115381492773993,
10.600000000617,33.8676155339035,-0.0365236867685041,0.0279128034528191,0.0130876635247907,
10.700000000622822,33.86225791947905,-0.0345803453044936,0.0278325069836448,0.014179171541607,
10.800000000628645,33.85607638129674,-0.0560836139430927,0.0278954865881463,0.0134117032519237,
10.900000000634464,33.84964407008075,-0.0794264472934671,0.0279584661926479,0.0125581299835688,
11.000000000640284,33.853289882068054,-0.0083655854121576,0.0278395088706157,0.0123385995793533,
11.100000000646103,33.84440599642197,-0.0342466378717359,0.0276945094714386,0.0115961545675469,
11.200000000651926,33.83563507652599,-0.0639266877556724,0.0274965576282621,0.0093869362246276,
11.300000000657748,33.82264949395516,-0.121250748155444,0.027205824618191,0.0067833585347747,
11.400000000663567,33.82417452707303,-0.0385330938697654,0.0269150916081198,-0.0301156727926486,
11.500000000669388,33.82146420786544,-0.0167690733239602,0.0267451857976552,-0.0199851623945478,
11.600000000675209,33.80072543049714,-0.1374261992959422,0.0265919731295062,-0.0321298136663671,
11.70000000068103,33.79135038265127,-0.1300169682078581,0.0265587555484535,-0.032062937134624,
11.80000000068685,33.78269494283099,-0.1091149179941077,0.0267266564366817,-0.0410545317347221,
11.900000000692671,33.76969166473344,-0.1025697050299728,0.0268945573249098,-0.0606572584167578,
12.000000000698492,33.74063671823138,-0.2277806728171262,0.0268871829992417,-0.0598413392106316,
12.100000000704313,33.73226687993203,-0.1413721747251528,0.0268565019488423,-0.0795376704247295,
12.200000000710132,33.73448926828895,-0.0405335461906811,0.0268563573761002,-0.0770138960611086,
12.300000000715954,33.722203325352304,-0.0931857020154942,0.0269064639992628,-0.0729872810480293,
12.400000000721777,33.71768011096287,-0.0763296564787587,0.0269565706224253,-0.0685615875712964,
12.500000000727596,33.70614055338291,-0.1220142071307618,0.0271591311999428,-0.0514676584694156,
12.600000000733417,33.70517054364107,-0.0388717725638642,0.0273821905463056,-0.0494193229628463,
12.700000000739236,33.6984075340152,-0.0393257170824513,0.0276032108634599,-0.0477874077642409,
12.800000000745058,33.6747468738129,-0.1684822521679117,0.0278208101728979,-0.0463947254520227,
12.90000000075088,33.668393267823326,-0.1313574887492,0.0280384094823358,-0.0595025775210771,
13.0000000007567,33.66877046154038,-0.038957464464384,0.0279367410468567,-0.0396225864313709,
13.10000000076252,33.650994625808096,-0.1253361304949714,0.0277918858435939,-0.0510551852100519,
13.20000000076834,33.63637380517961,-0.1419483026590522,0.0271719749411861,-0.0798796994830842,
13.300000000774162,33.62787150342248,-0.1028419082392127,0.0257712957384446,-0.0862844858520976,
13.400000000779984,33.63382212423792,0.0068318801425966,0.0243706165357031,-0.1033193860584452,
13.500000000785803,33.63326231278647,0.0259137871472257,0.022236214322619,-0.1279926238057341,
13.600000000791624,33.61716153822401,-0.0925651902187793,0.0199972848278916,-0.1420286623895813,
13.700000000797443,33.59208551437971,-0.2219626789077524,0.0187101393038655,-0.1335817458977979,
13.800000000803266,33.58178917268639,-0.1234537319850396,0.0191048793707342,-0.1044938520780367,
13.900000000809086,33.57932071648474,-0.0485848672246694,0.0194996194376029,-0.0639055551111762,
14.000000000814907,33.578342113536,-0.0271623068130667,0.0200745231899889,-0.0574198708596263,
14.100000000820728,33.60077996550167,0.1206529493127229,0.0206721567474873,0.0088341582558423,
14.200000000826549,33.60835337235926,0.1004893345285544,0.0211689400276479,0.0448834257824456,
14.30000000083237,33.59962849884216,-0.0056221238790718,0.0215094919611319,0.0389206975367555,
14.40000000083819,33.58684541316851,-0.1004213461354771,0.0218500438946159,0.0557893256328911,
14.500000000844013,33.5718313299781,-0.119256639513198,0.0214830625165515,0.0553114017962187,
14.600000000849832,33.570494429941604,-0.0408985837668548,0.0210227000075057,0.0602262882255845,
14.700000000855653,33.56162423136124,-0.0914979350516592,0.0200935494120113,0.0613192167171706,
14.800000000861472,33.562898489904434,-0.0497241252869629,0.0184081314781445,0.0501980627350842,
14.900000000867294,33.565586282886535,-0.024224807100492,0.0167227135442777,0.035234322125417,
15.000000000873117,33.5714898544433,0.0804245359371901,0.0161001252246269,0.0242644247185648,
15.100000000878936,33.55747850591659,-0.0523806729122534,0.0156112644317542,0.0162303068167317,
15.200000000884756,33.56932443971828,0.0208382391728928,0.0156796882202827,0.0126926416438023,
15.300000000890575,33.58666537437574,0.1237494942962539,0.0166801778315007,0.0112912184836462,
15.400000000896398,33.58630528754722,0.0620742224067346,0.0176806674427187,0.014891632366147,
15.50000000090222,33.577157821208694,-0.0513067065831764,0.0178243636507282,0.0201426686980061,
15.60000000090804,33.59779604881057,0.1353123945907599,0.0178634145299676,-0.011346763408616,
15.70000000091386,33.59311091762009,-0.0247931077657533,0.0183091447243119,0.0028976407635471,
15.80000000091968,33.585231924748946,-0.0654801698587964,0.0194198672746057,0.0262234059737121,
15.900000000925502,33.58587952849069,-0.0973119124704011,0.0205305898248994,0.0246341421264852,
16.000000000931323,33.58052250860013,-0.098891522324334,0.0198256825666626,0.0192027231856388,
16.100000000937143,33.57115419825918,-0.11891771932481,0.0188983036282855,0.0257417246442193,
16.200000000942964,33.60243789514599,0.1212658791281759,0.0183491902396056,0.0205932049206815,
16.300000000948785,33.60266802659607,0.0658368812579784,0.0184054820504574,-0.0048278767384498,
16.400000000954606,33.60686288581724,0.0704218196726459,0.0184617738613092,-0.0045778131023857,
16.500000000960426,33.64844180139378,0.3068039633102872,0.0186778455301199,-0.0113633035295685,
16.600000000966247,33.64278373034621,0.0497127133332463,0.0189138876244649,-0.0419573018567757,
16.700000000972068,33.650967296905634,0.0505914936066379,0.0185322270796716,-0.0486417545976434,
16.80000000097789,33.68320609547487,0.3364563884176532,0.0171646829309982,-0.0471373361475972,
16.90000000098371,33.66446523897556,0.0676435038075576,0.0157971387823249,-0.0684593681315919,
17.00000000098953,33.64365459454556,-0.09769967396588,0.0148414312902675,-0.0727388941830822,
17.10000000099535,33.674273630000854,0.1378154092289705,0.013940937766501,-0.0843654573001843,
17.20000000100117,33.701592127985975,0.220337476919388,0.0142937101777263,-0.0824565077959433,
17.300000001006993,33.70364061009768,0.1120625688689194,0.0166118012790775,-0.02856793428162,
17.400000001012813,33.707321790716364,0.0567743541279743,0.0189298923804288,0.0013372045884088,
17.500000001018634,33.72758896214758,0.1681018321142615,0.0202606544223065,0.0095541130208441,
17.600000001024455,33.74285024791719,0.1511451107865602,0.0214550389255784,0.0248128597628352,
17.700000001030276,33.7408624942738,0.0619019266665469,0.0225161379158042,0.030641611541639,
17.800000001036096,33.728194013789256,-0.0826252324030922,0.023342335540856,0.028564136764166,
17.900000001041917,33.726393310956794,-0.0376805444260423,0.0241685331659078,0.0396952643527408,
18.000000001047738,33.73987343966347,0.0751921731916882,0.0247938841130174,0.0356240924038928,
18.10000000105356,33.74474337435346,0.0798058224149722,0.0253911170571934,0.0438239520060294,
18.20000000105938,33.76346109547631,0.1141732292986659,0.0259715794405866,0.050733896483053,
18.3000000010652,33.766990388170775,0.0871672701978479,0.0265245613347188,0.0492743907387222,
18.40000000107102,33.77954275419698,0.1044017543605104,0.0270775432288509,0.0465803923229178,
18.50000000107684,33.758582518735345,-0.0692717012691113,0.0272771338629773,0.0207384493565228,
18.600000001082662,33.752925826402155,-0.0650989446163547,0.0274277939273677,0.0350624467097222,
18.700000001088483,33.762897648508506,0.0365071770796396,0.0270021763646518,0.0386530587707783,
18.800000001094304,33.789824781956625,0.2058462230576727,0.0255237076351062,0.0232395631129752,
18.900000001100125,33.7853110235839,0.055096799560293,0.0240452389055605,0.0119275817227713,
19.000000001105946,33.78472133650449,-0.0163276540927816,0.0238589612770345,0.0042237877859634,
19.100000001111766,33.78646202561848,0.0116752092078226,0.0238934301550185,-0.0010089816220343,
19.200000001117587,33.80739058763793,0.1500571847164045,0.0240762900536161,-0.0021692518317771,
19.300000001123408,33.799621180044426,0.0279277127673463,0.0245142909865834,0.0006888983472211,
19.40000000112923,33.799378606651835,-0.0280726092748921,0.0249522919195506,0.0029335109992143,
19.50000000113505,33.80819545394938,0.0423224844435279,0.0257583030829751,0.0041674425412568,
19.60000000114087,33.80628537993617,0.0292205350328621,0.0266141608136331,0.0161613874019683,
19.70000000114669,33.7906442410586,-0.0772572905649846,0.0274188179498043,0.0320236304461149,
19.80000000115251,33.78533800742811,-0.0862918193964831,0.0281350360635726,0.039639033449963,
19.90000000115833,33.79300904756209,0.0193173012479104,0.028851254177341,0.0475026377824131,
20.000000001164157,33.808139859619644,0.1363841528590644,0.0289654121768112,0.0500516332116175,
20.10000000116997,33.79964404517906,0.0010256731242986,0.02899904078644,0.0495767386578219,
20.200000001175795,33.798938011309936,-0.0141188366355582,0.0292532172221553,0.0361580184774558,
20.300000001181616,33.795850000997454,-0.0231553144192002,0.029873641823444,0.026216574223671,
20.40000000118744,33.787638852832224,-0.0298426918260289,0.0304940664247327,0.0336181833378345,
20.500000001193257,33.78581991229547,-0.0441572277681088,0.031496456400509,0.0458651799071162,
20.60000000119908,33.77901700758543,-0.0544045773501322,0.0325480614302641,0.0322508684174064,
20.7000000012049,33.78267266608352,-0.0183038237936256,0.0329105966968815,0.0405969889464555,
20.80000000121072,33.780915054505776,0.0081814947722549,0.0321181106670098,0.0291193555943946,
20.90000000121654,33.765025547046875,-0.1070754625514447,0.031325624637138,-0.0446685376013116,
21.00000000122236,33.7490046139368,-0.1517784060107565,0.0311649113364214,-0.0723953446241814,
21.10000000122818,33.73424051062321,-0.1412218652946591,0.0310928602230774,-0.0627874486278479,
21.200000001234,33.72089965138417,-0.1218635852306672,0.0309718529341788,-0.0602031802092538,
21.300000001239823,33.70223689846274,-0.167418556711622,0.0307668704500988,-0.068250773728611,
21.400000001245644,33.69623248317713,-0.1124464186215179,0.0305618879660188,-0.0767834535401526,
21.500000001251465,33.6926795436283,-0.0712152056224509,0.03021842339899,-0.0770416958028767,
21.600000001257285,33.68110734144003,-0.0868920368256134,0.0298547793683609,-0.0782320746600059,
21.700000001263103,33.662097003237406,-0.152850941022205,0.0291937733107856,-0.0913568421636222,
21.800000001268927,33.65017281212656,-0.1633493281032341,0.0280194021685343,-0.1067898255974553,
21.900000001274748,33.648923533424544,-0.0682552602704165,0.026845031026283,-0.1141736842695752,
22.00000000128057,33.633599895332445,-0.1044721260265323,0.0266643794086381,-0.1254187451744637,
22.10000000128639,33.605282171565655,-0.2295138562105962,0.0266191108709207,-0.1227425481776006,
22.20000000129221,33.588742341785604,-0.1901538460399401,0.0268153866770357,-0.1008488818590547,
22.30000000129803,33.59022473220735,-0.0797100650861225,0.0273973560738117,-0.0706172170596498,
22.40000000130385,33.578698751045465,-0.0966977922898517,0.0279793254705877,-0.0493603318285336,
22.500000001309672,33.56273477502597,-0.1515441149054258,0.0277161482274275,-0.0567735959104903,
22.600000001315493,33.55246533714449,-0.1203850562479563,0.0273141802896438,-0.0604251974286434,
22.700000001321317,33.53968350791675,-0.1163854798678707,0.0267209204664769,-0.0537989434889375,
22.80000000132713,33.5266320968403,-0.1044355556910233,0.0258140082499121,-0.0622537400461569,
22.900000001332955,33.506302391320695,-0.1678817874065772,0.0249070960333474,-0.0700129983203643,
23.000000001338776,33.50839975186396,-0.0493691373260731,0.0246161011563288,-0.0768838449173171,
23.1000000013446,33.50196530410249,-0.039320865737432,0.0244123806279963,-0.0342766873972306,
23.200000001350418,33.488305754682735,-0.092011658008613,0.0244506099293352,-0.0108512109643333,
23.30000000135624,33.46675535124256,-0.1857642801579667,0.0248875866671235,-0.0051402168615999,
23.40000000136206,33.46694196697069,-0.0639657860122619,0.0253245634049119,0.0158313680784271,
23.50000000136788,33.45975291656132,-0.0453440267918995,0.0256818046982451,0.0220825251700203,
23.6000000013737,33.43644752312328,-0.178236916310542,0.0260276842653252,0.0236763979979924,
23.70000000137952,33.42959460605952,-0.1210051099984171,0.0263561947682162,0.0213002097141151,
23.800000001385342,33.42533549898702,-0.0622205301743399,0.0266528083710546,0.0218871820774164,
23.900000001391163,33.41580044573371,-0.0535420699628598,0.0269494219738931,0.0108571668052616,
24.000000001396984,33.39297197799764,-0.1652940224895794,0.0271918292628926,-0.0003766081545971,
24.100000001402805,33.37886030738353,-0.158882973522849,0.0274260247412941,0.0021353204540484,
24.200000001408625,33.37355630145885,-0.0813262753249266,0.0275588848914943,0.0032971216131079,
24.30000000141445,33.369233480499,-0.0533351020288494,0.0275239082727289,0.0142838957141283,
24.400000001420267,33.3497894933819,-0.1569170445468656,0.0274889316539636,0.0156156967981254,
24.500000001426088,33.3515720872288,-0.0606233955975374,0.0273313064629918,0.0156766837668062,
24.60000000143191,33.34976013234681,-0.0070801078785022,0.0271564021996776,0.0129929137816983,
24.70000000143773,33.33366841081766,-0.1082888861345837,0.0267118070673581,0.010165910298997,
24.80000000144355,33.334003294689055,-0.0471430312456652,0.025822992677144,0.0155536968088359,
24.90000000144937,33.35040554053208,0.0906538234547058,0.0249341782869299,0.0114502487212495,
25.00000000145519,33.34005714416828,-0.0289871085095554,0.0246485306408363,0.015854734129028,
25.10000000146101,33.336013014584225,-0.0398124996002816,0.024444722908468,0.0237867499252502,
25.200000001466837,33.329802038535306,-0.0721558362134884,0.0243084088738595,0.0352086710517513,
25.30000000147265,33.32667094034448,-0.0241711013175092,0.0242805708628534,0.0571294421902256,
25.400000001478475,33.31653790736578,-0.0751044289712945,0.0242527328518472,0.0574257951135261,
25.500000001484292,33.31296767021687,-0.0694970635933769,0.0246975385332741,0.0576543524819864,
25.60000000149012,33.33050579301408,0.0828805767938003,0.0252033206958748,0.0682976084524186,
25.700000001495937,33.31873097693603,-0.0168749632353401,0.0254244919273789,0.0659491802998105,
25.80000000150176,33.30814409783101,-0.0970326370627233,0.0251918139485073,0.0647159860705293,
25.90000000150758,33.30856537342569,-0.0531045694187623,0.0249591359696357,0.0631195064773603,
26.0000000015134,33.32868729290461,0.1214571544143675,0.0250371329760878,0.0640956723674304,
26.10000000151922,33.32009512230251,0.0154609824645634,0.0251536854094168,0.052156354435913,
26.20000000152504,33.31750928706663,-0.0350906221084894,0.0253660883867265,0.0518464021680385,
26.30000000153086,33.32322495874028,0.0184710481311171,0.0257323724809542,0.0499743906872389,
26.40000000153668,33.32795285388316,0.0594179631167394,0.0260986565751819,0.0487571532659955,
26.500000001542503,33.3221604727735,-0.0170181721091392,0.0263244159688692,0.0473070102842378,
26.600000001548324,33.330880251166384,0.0231864659734786,0.0265325946288528,0.0364773522379989,
26.700000001554145,33.352489751711886,0.1468870974068329,0.0265782694840584,0.0392751054657069,
26.800000001559965,33.355224007553225,0.0807740398218145,0.0263656686745873,0.0154742745225884,
26.900000001565783,33.35873879371101,0.054189015829731,0.0261530678651161,-0.0064487486355114,
27.000000001571607,33.36645767306252,0.0594947628603135,0.0258832508437996,-0.0090735874333507,
27.100000001577428,33.38236999660016,0.1361436812398703,0.0256064512108478,-0.0110025137164274,
27.20000000158325,33.3793908022087,0.0301132846183279,0.0254504588696564,-0.0249765593649773,
27.30000000158907,33.38386262208014,0.024963816946694,0.0254891723105685,-0.0242366527348675,
27.40000000159489,33.39838445731739,0.0969410884242584,0.0255278857514806,-0.0117489349218036,
27.50000000160071,33.40974251250935,0.1118219509831189,0.025386139753653,-0.0228563433080035,
27.60000000160653,33.40860018922705,0.0351437919153504,0.0252210270964767,-0.0332612864924132,
27.700000001612352,33.423133493500245,0.1198422052217647,0.0250753522697352,-0.0341141746131995,
27.800000001618173,33.449870485929715,0.2203225521961833,0.0249609558112836,-0.0237752221977092,
27.900000001623997,33.46036729790126,0.1599110100451864,0.024846559352832,-0.0447476004451378,
28.00000000162981,33.46255810640481,0.0634238357426688,0.0247024874720978,-0.0318604180955698,
28.100000001635635,33.47392076087345,0.0952723773481351,0.0245547092421988,-0.0435710431896257,
28.200000001641456,33.48946366896579,0.1560346362603399,0.0245314933012866,-0.0463669007625973,
28.30000000164728,33.49781476180558,0.1099436830051692,0.0247031165660014,-0.0362789728821428,
28.400000001653098,33.50155296645066,0.0511673333629115,0.0248747398307163,-0.0462935849895425,
28.50000000165892,33.5115392164606,0.0826335289012731,0.0250763641407193,-0.0349073566766524,
28.60000000166474,33.524436534802625,0.106652559917052,0.0252818921697984,-0.0451426100432867,
28.70000000167056,33.52614896021932,0.0465435923300128,0.0255840140233488,-0.0203615870075551,
28.80000000167638,33.52701907384248,-0.0036637193912547,0.0260416168119991,-0.0170190575567713,
28.9000000016822,33.54309663000377,0.1274965466551332,0.0264992196006494,-0.0019455333206983,
29.000000001688026,33.54595574503904,0.0802232367305361,0.0264674756748739,-0.0007866106674574,
29.100000001693843,33.5550843526901,0.0800844473409168,0.0263725779995157,-0.0020936099323891,
29.200000001699664,33.558957651230926,0.0625172024885612,0.0263231415798319,-0.0023914239783496,
29.300000001705484,33.57544365553334,0.1237965956299335,0.026351072334443,-0.0128742417852727,
29.400000001711305,33.5889004036342,0.1451562659111359,0.0263790030890541,-0.0023720749350377,
29.50000000171713,33.583825561205536,0.0089085406961435,0.0266578908627861,-0.0033056028281653,
29.600000001722947,33.587640087872586,0.0224648488606301,0.0269711541935617,-0.0026697716683245,
29.700000001728768,33.59990226166308,0.1090832766436407,0.027061652328126,-0.0019810909649994,
29.80000000173459,33.60554207933578,0.0666810761477386,0.0267626621569425,-0.0124378088895513,
29.90000000174041,33.60610557407881,0.0103000764570224,0.0264636719857591,-0.0148535290543341,
30.00000000174623,33.61568321004333,0.0714116267016947,0.0262811374811302,-0.0186522208846801,
30.10000000175205,33.618939892288296,0.0600489874505273,0.0261139406763085,-0.0192715629110443,
30.20000000175787,33.62142128361108,0.0322455025439386,0.026067234892046,-0.0182966745888831,
30.30000000176369,33.6258283821338,0.0391546512968132,0.0262193479082002,-0.0150916861209266,
30.400000001769516,33.63540081562582,0.0819745226196201,0.0263714609243543,-0.0152810632884571,
30.500000001775334,33.6346992855483,0.0240464115101282,0.026370407832935,-0.0269149362149426,
30.600000001781154,33.63369736146897,-0.0015095884069933,0.0263455280256191,-0.0201193583123616,
30.70000000178697,33.63204294019697,-0.0136814925466302,0.0263137612506649,-0.0237859061699486,
30.8000000017928,33.649768353643545,0.1066949212379671,0.0262706747464413,-0.014497375164749,
30.900000001798617,33.64292467330733,0.0181125027344405,0.0262275882422177,-0.0277780244284085,
31.00000000180444,33.64413446399448,-0.0148818844796511,0.0264622285679868,-0.0175972959409913,
31.10000000181026,33.64767005198282,0.023950885132467,0.0267362266509407,-0.0154765491955596,
31.20000000181608,33.664048788654775,0.1258984023835871,0.0268928504293835,-0.0142077717359866,
31.3000000018219,33.666782991225126,0.076319348502768,0.026856203645279,-0.017856923896837,
31.40000000182772,33.66523879082993,0.0022023888979107,0.0268195568611746,-0.0319503397488568,
31.50000000183354,33.670888274222165,0.0389923705303922,0.0267218767737304,-0.0233797691283755,
31.60000000183936,33.68424401258689,0.102510406995439,0.0266155560479062,-0.0282294540042273,
31.700000001845183,33.69090966303099,0.0838225378119906,0.0265038947034449,-0.0227542381149736,
31.800000001851004,33.682729955391025,-0.0327944456650176,0.0263826624957473,-0.0272073182225592,
31.900000001856824,33.69036817616348,0.0399716031790698,0.0262614302880498,-0.0203072517611535,
32.000000001862645,33.70228043018126,0.1057048139723347,0.0258567335816237,-0.0141029628954841,
32.100000001868466,33.70953799133203,0.1009786928074693,0.0254143487140964,0.0049725946930877,
32.20000000187429,33.71418896450001,0.0763947072832356,0.0252934976652502,0.0245424382419312,
32.30000000188011,33.726129304715144,0.0841107274969189,0.0257024364356955,0.0253097767357669,
32.40000000188593,33.7463483818575,0.1767662820258965,0.0261113752061407,0.04835717128372,
32.50000000189175,33.75828220696025,0.1477280336935518,0.0262793741703471,0.0511801707819464,
32.60000000189757,33.77042202390928,0.1331182141936226,0.0264145538391655,0.0517517179072672,
32.70000000190339,33.77384467957753,0.0668439868137083,0.026308100827523,0.0541464219280653,
32.80000000190921,33.79677625130138,0.1717558425605524,0.0257985329372386,0.0442727034097894,
32.90000000191503,33.81357107794544,0.1740755275708086,0.0252889650469541,0.0440794945487423,
33.00000000192085,33.83861932592695,0.2168810240174051,0.0251787126428603,0.0319274239573927,
33.100000001926674,33.86172584339035,0.2257836447920394,0.0251340848617922,0.0445971425948408,
33.200000001932494,33.880925743628104,0.2113575319519531,0.0251399692311626,0.0358638314254915,
33.300000001938315,33.89918891819081,0.2157728586008039,0.0252330987598414,0.0396449081933372,
33.400000001944136,33.91082295970232,0.1384791366206805,0.0253262282885201,0.0211599417632005,
33.50000000194996,33.93191116896582,0.1798136304667321,0.0255272506349966,0.0245053834470395,
33.60000000195578,33.95402125080574,0.2211040295857287,0.0257428906817213,0.0167090582202638,
33.7000000019616,33.975609777698885,0.2193632378004654,0.0258666205191261,0.0195546756770362,
33.80000000196742,33.99198526100247,0.1889163524383717,0.0258346802146983,0.0148364576790921,
33.90000000197324,34.01887729607496,0.2327696044011083,0.0258027399102706,-0.0028437421309917,
34.00000000197906,34.04664956044076,0.2753011066803185,0.0258703318565889,-0.0227635289705645,
34.10000000198488,34.070877913559215,0.2696554218525788,0.025952249161229,-0.055105851762895,
34.2000000019907,34.09221421701507,0.2346069705258348,0.0260788582085524,-0.0858954040901433,
34.30000000199652,34.11014210831887,0.1892240098459474,0.0262807715885318,-0.1028302760577249,
34.40000000200234,34.14356234100738,0.2954971748504157,0.0264826849685113,-0.0867696210639615,
34.500000002008164,34.15671881572426,0.2019896815741277,0.0268227218350903,-0.0951029990668399,
34.600000002013985,34.1647859375196,0.1229568648795656,0.0271809784639149,-0.0905267674420801,
34.700000002019806,34.18646538496431,0.163341989759147,0.027372978920056,-0.0991580768275312,
34.80000000202563,34.21877344834315,0.2831780730441809,0.0272935515454828,-0.0995093159437649,
34.90000000203145,34.23590513186758,0.2214507246920071,0.0272141241709096,-0.101345296041819,
35.00000000203727,34.25668966418748,0.2346389169559326,0.0272385704487787,-0.0888771513638351,
35.10000000204309,34.28245033280371,0.2368265642088281,0.0272777553084806,-0.0982256877677463,
35.20000000204891,34.312837048071266,0.2842712337481208,0.0273133791560358,-0.0745250279293014,
35.30000000205473,34.33212022280739,0.224606584692642,0.0273428884613154,-0.0760880424620592,
35.40000000206055,34.35495963377462,0.2031668516835471,0.027372397766595,-0.0762399205681355,
35.50000000206637,34.378223381517465,0.2096707441688577,0.0273481125816238,-0.063801573040419,
35.60000000207219,34.403032253489194,0.222170359407717,0.0273163215128497,-0.0517511129854019,
35.70000000207801,34.436471128584515,0.3033718745392446,0.0273812565412917,-0.0537386772830727,
35.800000002083834,34.46612617943897,0.304032732974169,0.0276056458232495,-0.0442319363231195,
35.900000002089655,34.489004226283264,0.2426336787971687,0.0278300351052073,-0.0200554553248738,
36.00000000209548,34.516691870062,0.2634394377362737,0.0278081419650798,0.002088862843337,
36.1000000021013,34.55081371695272,0.3045549703020008,0.0277537207930218,-0.0103192372236319,
36.20000000210712,34.57940099111613,0.3165659831796252,0.0276085197611867,0.0100044754008211,
36.30000000211294,34.61422718734978,0.3418401891119244,0.0273116942129603,0.0186387324121849,
36.40000000211876,34.63736203909544,0.2729990695875848,0.0270148686647338,0.0152912998574276,
36.50000000212458,34.67340355062829,0.3049898362690933,0.0268002261644853,0.0242418385024134,
36.6000000021304,34.7168900183874,0.3777924213854272,0.0265983162619888,0.0332029756385536,
36.70000000213622,34.739373735341985,0.3059064151995067,0.0264533503509906,0.0427215352830838,
36.80000000214204,34.76908919646068,0.29259757340044,0.0263994199059213,0.0403050154552727,
36.90000000214786,34.789572116003896,0.232104933737512,0.0263454894608521,0.0407511399683677,
37.00000000215368,34.81923210046874,0.2516869417803872,0.0262695143846391,0.0396921628733847,
37.100000002159504,34.85634251164564,0.3367593437678394,0.026190618945104,0.0489411399382092,
37.200000002165325,34.88301333834411,0.2879615548662944,0.0260661769316198,0.0566932144757885,
37.300000002171146,34.90914694367505,0.2761710886178059,0.0258692311376889,0.0885500872559096,
37.40000000217697,34.93507690088658,0.2652924774720457,0.025672285343758,0.0733996293104027,
37.50000000218279,34.96577214546725,0.2849066236874809,0.0251718492162762,0.0623729741055779,
37.60000000218861,35.000550491028505,0.331786299716626,0.0246306787498968,0.0509615553835565,
37.70000000219443,35.02486532933891,0.2822412125444684,0.0243318600679294,0.0339426171722683,
37.80000000220025,35.051713727357495,0.2658403341545535,0.0244232038056389,0.0415800041760789,
37.90000000220607,35.074735014363874,0.2416839194792998,0.0245145475433485,0.0415046384214652,
38.00000000221189,35.10451559525103,0.2719237906687837,0.0244348195561789,0.0333539039333907,
38.10000000221771,35.129896223986485,0.2591616250364326,0.0243324605516598,0.0399341687728673,
38.20000000222353,35.15759427014252,0.2905517308577432,0.0243384762380107,0.0419388256870698,
38.30000000222935,35.18576348222151,0.2857768582048913,0.0245219855697906,0.005300094476693,
38.40000000223517,35.210166932662226,0.2606013698885042,0.0247054949015704,0.0045248762074157,
38.500000002241,35.23435391758438,0.2344060671653591,0.0252270022994348,-0.0135511728497934,
38.600000002246816,35.25884946866074,0.2228890889529661,0.0257923188008121,-0.0391193601132175,
38.70000000225264,35.29288980610728,0.2842122276571777,0.0261973222986427,-0.0443300938010552,
38.80000000225846,35.306755533393016,0.2013130874005131,0.0263444858654711,-0.0435320028001857,
38.90000000226428,35.32827429564073,0.2046164797483552,0.0264916494322994,-0.0680385825123008,
39.0000000022701,35.33948019172447,0.1391556860085843,0.0265606335164738,-0.0673697203834173,
39.10000000227592,35.36354017152076,0.1986372026480657,0.026619855984096,-0.0739899039482742,
39.20000000228174,35.381601514778794,0.1880540517021741,0.0266978886242191,-0.089575197169316,
39.30000000228756,35.40032540731236,0.1887704380162821,0.0268077767092912,-0.1218231842272504,
39.40000000229338,35.417907509959925,0.1830069528705736,0.0269176647943632,-0.1200470334558482,
39.5000000022992,35.42526677017399,0.1032223699444196,0.0271582966589045,-0.1061583450282386,
39.60000000230502,35.43821071258567,0.1223020823560888,0.0274152930213806,-0.1029062845865738,
39.70000000231085,35.45619198787996,0.1652421614706977,0.0275751730623077,-0.0986891487745763,
39.800000002316665,35.46648655095239,0.1191891430770692,0.027581153989176,-0.0954138447788227,
39.900000002322486,35.48042484559665,0.1281404847678849,0.0275871349160444,-0.0702205758201301,
40.00000000232831,35.49248205021172,0.1334042432879768,0.0271563507348223,-0.0625251679080145,
40.10000000233413,35.49792832303851,0.0784691584642162,0.0266714968004616,-0.0543161962351998,
40.20000000233995,35.50515422139581,0.0771058040608257,0.026377974671544,-0.0459228988146778,
40.30000000234577,35.51602854449433,0.0897335649356819,0.0263923173643598,-0.0517167275014948,
40.40000000235159,35.53010930949758,0.1223888367690461,0.0264066600571756,-0.0324780085339459,
40.50000000235741,35.54327632584343,0.1283760920651129,0.0264505720407321,-0.0342664520068654,
40.60000000236323,35.54942520906366,0.1053142539514398,0.0264984979187002,-0.0104223789420078,
40.70000000236905,35.550689108053206,0.020314966851748,0.0264044439413419,-0.0004621943024429,
40.80000000237487,35.55711185674015,0.0329870682815093,0.0260766385141842,-0.0037337491218015,
40.90000000238069,35.569425392749324,0.0835796815720554,0.0257488330870264,-0.0066211507946012,
41.000000002386514,35.583047423634426,0.1102417678830557,0.025640407175461,0.0028570271716289,
41.100000002392335,35.591193467998856,0.0976624952206701,0.0255682347163036,0.0243030945657036,
41.20000000239816,35.596462596634375,0.0685507186890798,0.0254643424849487,0.0236856376693224,
41.300000002403976,35.59691408706327,0.014978422683344,0.0253071660813287,0.0244895653689748,
41.4000000024098,35.59512803485373,-0.0100560123666683,0.0251499896777087,0.0364551816918061,
41.50000000241562,35.59156493418536,-0.0292438680610591,0.0249930539239137,0.0332674211859544,
41.60000000242144,35.59624467945195,0.0203555967161462,0.0248361536067312,0.032857063420539,
41.70000000242726,35.60401923099718,0.0489557136004346,0.0247354172918987,0.0323369671561122,
41.80000000243308,35.62282996923688,0.1561915964268965,0.0247268201524049,0.0300562253671029,
41.9000000024389,35.62579729855143,0.0757352099806163,0.0247182230129111,0.0304522243424508,
42.00000000244472,35.63035876883512,0.0495696887108422,0.0251903061383097,0.0322469943381664,
42.10000000245054,35.63262605468078,0.0223394937551405,0.0257267376677329,0.0324178727239575,
42.20000000245636,35.64118074741974,0.054131336655905,0.0260876537307941,0.0449975336520478,
42.30000000246218,35.64319034882395,0.0452259738464358,0.026159501221373,0.0459828126725492,
42.400000002468005,35.648732015030056,0.061126169097996,0.0262313487119519,0.0459599390545306,
42.50000000247383,35.649260209229574,0.0291559058974579,0.0261451679533271,0.0600731235374958,
42.600000002479646,35.648542665371686,-0.0068527824061865,0.0260374211968965,0.0607034992064958,
42.70000000248547,35.64181051919759,-0.0393478370965437,0.025971405307021,0.0590931583170346,
42.80000000249129,35.63329247549542,-0.0773852114515574,0.0259739456468536,0.0474867745139277,
42.90000000249711,35.63573491698938,-0.0340412739450034,0.0259764859866862,0.0461927825866043,
43.00000000250293,35.64844469811082,0.0819698865071401,0.0260942168711823,0.045580993045239,
43.10000000250875,35.64774036031599,0.0425214078692609,0.0262306244830771,0.0451603406877502,
43.20000000251457,35.64748979922529,0.0117301404556253,0.0262906795609389,0.0458985943244013,
43.30000000252039,35.63238814321576,-0.0955584302026791,0.0262241682376683,0.0344106995828869,
43.40000000252621,35.62087990097203,-0.1372544089028625,0.0261576569143977,0.0238444169832495,
43.50000000253203,35.61539563492453,-0.0864308539952462,0.0263261410864059,0.0259348226697515,
43.600000002537854,35.60960153828459,-0.0664265389855959,0.0265297924376764,0.0263712058705331,
43.70000000254368,35.60012786396122,-0.0742370737869043,0.0266150145290132,0.0242988145608337,
43.800000002549496,35.5827922100738,-0.1363656394456359,0.0265036529190361,0.0222981324468184,
43.90000000255532,35.5762472016539,-0.0873441117866089,0.026392291309059,0.0086125257290089,
44.00000000256114,35.557387863557345,-0.1594995280424637,0.0259307066250148,-0.001173045194669,
44.10000000256696,35.55051248311202,-0.1175170927923158,0.0254155147891651,-0.0115547905658876,
44.20000000257278,35.545810468801584,-0.0764395595473037,0.024997519584458,-0.0116529567423015,
44.3000000025786,35.5363532161541,-0.0864032125126113,0.0247391612215364,-0.0380039102607304,
44.40000000258442,35.51708819837702,-0.1413478493931537,0.0244808028586149,-0.0750477173565199,
44.50000000259024,35.49187626786439,-0.2105793142014908,0.0241577253659968,-0.0612246131003078,
44.60000000259606,35.477304933382484,-0.1671897767220186,0.0238261576065913,-0.0819882802722573,
44.70000000260188,35.45661658391,-0.1984944543785204,0.0236963474310977,-0.1029820627388197,
44.8000000026077,35.44421824748467,-0.1487553074062165,0.0238978194051798,-0.0996213315975029,
44.90000000261352,35.418172642143986,-0.1959171498452131,0.0240992913792619,-0.1179203768344762,
45.00000000261935,35.39243224529187,-0.2206886326602822,0.024129918925459,-0.0989534044780058,
45.100000002625166,35.37139332426006,-0.216571738453254,0.0241369579600031,-0.117468244264873,
45.200000002630986,35.345791291233006,-0.2524410984622794,0.0243939194792236,-0.1388302849417267,
45.30000000263681,35.330172497826744,-0.1906104938259339,0.0250742884195125,-0.1378602061151072,
45.40000000264263,35.305419758032194,-0.2242583925832827,0.0257546573598014,-0.1319475754437145,
45.50000000264845,35.286854230916724,-0.1875735471404566,0.0259782593235426,-0.1240941259168396,
45.60000000265427,35.25625729213272,-0.2634684613241492,0.0261318924250621,-0.1272260226148421,
45.70000000266009,35.2258413925501,-0.288188294325569,0.0259903051968,-0.1212121883644999,
45.80000000266591,35.19110754839754,-0.3417355628134423,0.0253585537752443,-0.1243891585964914,
45.90000000267173,35.15727370133213,-0.3503532935180904,0.0247268023536887,-0.1370467566975532,
46.00000000267755,35.135686437562235,-0.2603715334064908,0.0249689690479399,-0.158573716300881,
46.10000000268337,35.09080430366296,-0.3550091187724621,0.0253237836495121,-0.1435889899615441,
46.2000000026892,35.04759390107133,-0.4136091445835371,0.0257405914258511,-0.1299574786113712,
46.300000002695015,34.98746957711509,-0.5249022430843966,0.0262583694601066,-0.1224221112857161,
46.40000000270084,34.94231198311747,-0.4862956106681567,0.026776147494362,-0.1159728013202167,
46.500000002706656,34.90143515870318,-0.427337420967505,0.0271489244628874,-0.123219380640322,
46.60000000271248,34.85473413869218,-0.4503465559344994,0.0275023975983433,-0.0966006252900064,
46.7000000027183,34.80935865828074,-0.4673894536836872,0.0277713703736948,-0.0826178447514735,
46.80000000272412,34.75574603246661,-0.5236002467239422,0.027901477798411,-0.0835761798528723,
46.90000000272994,34.71854233584868,-0.4297347401761291,0.0280315852231272,-0.0859783223513801,
47.00000000273576,34.6723093166135,-0.4253617037047092,0.027899303350022,-0.0441243337247574,
47.10000000274158,34.64080662197956,-0.3388467093048779,0.0277313130400868,-0.0371665520802111,
47.2000000027474,34.60435507574685,-0.3555838164959186,0.0274765286226819,-0.038090415423321,
47.30000000275322,34.56421338062736,-0.3923747174355265,0.0270710763470471,-0.0391630586529224,
47.40000000275904,34.54939138540439,-0.2532469496889382,0.0266656240714123,-0.0274894880345158,
47.500000002764864,34.52275626525514,-0.2559011015224617,0.0267066245790221,-0.018552780167645,
47.600000002770685,34.50413866799695,-0.2154586276018285,0.0268060166923643,-0.0078113035730661,
47.700000002776505,34.48383466503707,-0.2140780254210097,0.026925488286546,-0.0076968795972046,
47.800000002782326,34.48204139782721,-0.0974916207677685,0.0270775593276099,0.0146580542532345,
47.90000000278815,34.49170956710783,0.0275142097729764,0.0272296303686737,0.0475265549178311,
48.00000000279397,34.50118715234279,0.082713191402366,0.0271011888442783,0.0466299785027498,
48.10000000279979,34.50655657384108,0.0644147371566905,0.0269373475367004,0.0691258725711721,
48.20000000280561,34.51830729357012,0.1010950669789687,0.02674094834982,0.0669828304581453,
48.30000000281143,34.528548864028444,0.0841234109330024,0.0264752463157257,0.0489857269397928,
48.40000000281725,34.553279617944135,0.2007337996488276,0.0262095442816314,0.0520141076713801,
48.50000000282307,34.57702510447588,0.2437067128292936,0.026324605853515,0.0458026050373201,
48.60000000282889,34.58081319057726,0.1330909951821862,0.0264918491589872,0.1126347106019794,
48.70000000283471,34.594007167952974,0.115553269495689,0.0264338598233433,0.120099680270514,
48.80000000284053,34.63180067633488,0.2594878156486826,0.0260140092366133,0.1173701597347273,
48.90000000284636,34.66661645638085,0.3335392291809451,0.0255941586498832,0.1145809349877084,
49.000000002852175,34.691264828830505,0.2810509983064855,0.0253322604324426,0.1065695367009237,
49.100000002858,34.709024759571,0.2053894906147712,0.0250901100155894,0.0993317611992259,
49.20000000286382,34.73555988148644,0.2213526785718438,0.0249322688689928,0.094652081258841,
49.30000000286964,34.76919499555818,0.2846785970718712,0.0249080502297809,0.0897535558771693,
49.40000000287546,34.80454550006415,0.3423707525280675,0.024883831590569,0.0831387850549029,
49.50000000288128,34.83298998371759,0.3088034503502909,0.024893410528079,0.0779769259454436,
49.6000000028871,34.85136945261177,0.2186415836325303,0.0249072360919799,0.0777308200664811,
49.70000000289292,34.8732690032212,0.2237854606085586,0.0248962485302786,0.0777640122211356,
49.80000000289874,34.90366605888766,0.2753176595643662,0.0248460149152223,0.0689509004255751,
49.90000000290456,34.92883479624498,0.284385921720658,0.024795781300166,0.0713414559978791,
50.00000000291038,34.95735234354147,0.2930214452570369,0.0244750035784909,0.0708245857989874,
50.10000000291621,34.988482441867696,0.3032894040467094,0.0241197185436332,0.05787762356188,
50.200000002922025,35.01165244287292,0.2499686172131404,0.0239172093485009,0.0218259808841032,
50.300000002927845,35.053267736675025,0.3393619946107641,0.0239590033459453,0.0219459038287927,
50.40000000293367,35.08963493751792,0.3632439862706293,0.0240007973433896,0.0239753603927892,
50.50000000293949,35.12347950191303,0.3449006745258109,0.0244206340459855,0.0383437744269134,
50.60000000294531,35.15130822917671,0.3101046703398901,0.0248890722861362,0.0433222058387308,
50.70000000295113,35.17797692503104,0.2648252369652401,0.0250999702063472,0.047856610128032,
50.80000000295695,35.218051436791605,0.3324920437994152,0.0248950342442768,0.0654382743008764,
50.90000000296277,35.26936187809655,0.4623035891171822,0.0246900982822065,0.0759293608494253,
51.00000000296859,35.31092933744944,0.4503404524989811,0.0244732866744131,0.1957355523782568,
51.10000000297441,35.34277904638215,0.3689584103322478,0.024254958612603,0.3958552314356739,
51.20000000298023,35.37313003813563,0.313987753038407,0.0238007520124491,0.5625077150966534,
51.30000000298605,35.409438164090304,0.3345605395449678,0.0229797006750437,0.5918269601911434,
51.400000002991874,35.450751845865554,0.3842905783620499,0.0221586493376383,0.6556067803198838,
51.500000002997695,35.487630572368055,0.381210545258787,0.0218578938412374,0.7216983144077047,
51.60000000300352,35.53098451451006,0.4320117695407105,0.0216261741709537,0.7290182055411493,
51.700000003009336,35.56655171270183,0.3895774894927291,0.0213437876852553,0.7081908596411725,
51.80000000301516,35.59543443364419,0.3580011575636965,0.0209787747552745,0.633475412248779,
51.90000000302098,35.62135555717505,0.2810529888917988,0.0206137618252937,0.5613978538110969,
52.0000000030268,35.64582835121512,0.2410138953606026,0.0208328892728222,0.4677892288547422,
52.10000000303262,35.670096035310046,0.2506238627959908,0.0211307970352976,0.4142329592436032,
52.20000000303844,35.698722045118195,0.3038158666353325,0.0215195076991579,0.4095231231807261,
52.30000000304426,35.70126162985064,0.1594057470493863,0.0220574453187095,0.4052138405430084,
52.40000000305008,35.70767525211259,0.0988286113573264,0.0225953829382611,0.3336887213402293,
52.5000000030559,35.72170829404123,0.1224503766425828,0.0231224606546983,0.2189256487801806,
52.60000000306172,35.73512365191769,0.1015605598376054,0.0236479942812902,0.2396679926769328,
52.70000000306754,35.75082103494815,0.1202544677961549,0.0241290848962334,0.2310494686380352,
52.80000000307336,35.75467063010793,0.0691042230029637,0.0245330875796118,0.2117289350308506,
52.90000000307919,35.76160499719504,0.074919506486516,0.0249370902629903,0.2281071570204219,
53.000000003085006,35.74588998587425,-0.0799330884743354,0.0248214898316393,0.2099199504840422,
53.10000000309083,35.73499212621679,-0.1062552588579214,0.0246319904733607,0.070345495623294,
53.20000000309665,35.710668063036216,-0.2075381949880725,0.0248841444503396,-0.089985948688746,
53.30000000310247,35.68814900288089,-0.2609442904413124,0.0259340384081454,-0.0543011981768775,
53.40000000310829,35.66498567234308,-0.2515183661132785,0.0269839323659513,-0.0441429788247422,
53.50000000311411,35.6404169419347,-0.2289318678420958,0.0276627009733403,-0.0503835877904882,
53.60000000311993,35.602997953603484,-0.3244652267498517,0.0282886335413922,-0.0620920978445961,
53.70000000312575,35.568088363979825,-0.354036335238709,0.0288160775644978,-0.0643596651638033,
53.80000000313157,35.52789710907749,-0.3791003166869516,0.0291728391743714,-0.117567850494724,
53.90000000313739,35.49784445005175,-0.3537100311316971,0.029529600784245,-0.2458586755510436,
54.000000003143214,35.43748567796456,-0.5189958842502695,0.0300126030978389,-0.3868694112595635,
54.10000000314904,35.3992751624961,-0.4277012135054878,0.0305126849423513,-0.4653744167719587,
54.200000003154855,35.35616875649184,-0.4353438264270715,0.0308548548660434,-0.4878825780998795,
54.30000000316068,35.30503422950638,-0.4722177121298806,0.0309395794029552,-0.4847916593942993,
54.4000000031665,35.23989215770024,-0.6055906166699808,0.0310243039398671,-0.490143895114715,
54.50000000317232,35.20627977931882,-0.4513827498301723,0.0318164453576574,-0.4780612617668005,
54.60000000317814,35.161330901313875,-0.4488447927893381,0.0327098064752458,-0.4821514947191518,
54.70000000318396,35.1173268242604,-0.4128237210068022,0.0333820883111224,-0.4795589122915767,
54.80000000318978,35.077084270742525,-0.3928024925549254,0.0336796567535502,-0.4760700744076192,
54.9000000031956,35.02738139437716,-0.4448241050174815,0.0339772251959781,-0.469085848934143,
55.00000000320142,34.98267392179032,-0.4491906784625523,0.0336900539445782,-0.4672099849899923,
55.10000000320724,34.94833032580773,-0.3906543098108117,0.0333196798667711,-0.4706538296399861,
55.20000000321306,34.89990028184051,-0.42808272184694,0.0329127135223414,-0.4552144056265452,
55.30000000321888,34.84900102320431,-0.481211777837016,0.0324363078139989,-0.4649529097897588,
55.400000003224704,34.78517267846418,-0.5899909734354145,0.0319599021056564,-0.4331152543788046,
55.500000003230525,34.73153874041736,-0.5626232525341152,0.031245147301525,-0.413816038537367,
55.600000003236346,34.69852634550235,-0.4332315559641938,0.0304964268954624,-0.3694232364620295,
55.70000000324217,34.65037179483773,-0.4544092271388436,0.0300153174903378,-0.3630869758104187,
55.80000000324799,34.60847492802502,-0.4269954443669518,0.0300219517646812,-0.3449020231878089,
55.90000000325381,34.563219857243894,-0.4490626788352352,0.0300285860390245,-0.2803829064927033,
56.00000000325963,34.508985519154706,-0.5095163114472778,0.029861356786633,-0.1959270958377544,
56.10000000326545,34.47922503297161,-0.3897633024604035,0.0296696457445739,-0.1411447095758139,
56.20000000327127,34.42749643923867,-0.4592557870237986,0.0295010669403587,-0.1396726414557579,
56.30000000327709,34.40074278513045,-0.3501727996262473,0.0293711414654254,-0.1121118153695762,
56.40000000328291,34.36267148551044,-0.3727309979139938,0.0292412159904921,-0.1029226890784267,
56.50000000328873,34.323086639584886,-0.3965834438600138,0.0288702526678666,-0.0956719374407348,
56.60000000329456,34.288595436196104,-0.3636485149548597,0.0284670886480274,-0.0906182427938047,
56.70000000330037,34.25119149248099,-0.3815647830721543,0.0282906593302145,-0.0832869313216341,
56.8000000033062,34.19663042611632,-0.4806112894639353,0.0284749778572438,-0.0862873433821651,
56.900000003312016,34.148835123224686,-0.4604993468982883,0.028659296384273,-0.0731397157094871,
57.00000000331784,34.13885314767567,-0.2350459106312802,0.0287370311406369,-0.0568054148283597,
57.10000000332366,34.11471388727944,-0.2373438450506704,0.0287987381406522,-0.0445513323928514,
57.20000000332948,34.07211430208511,-0.3539986780008625,0.0287632590832345,-0.0435424404284031,
57.3000000033353,34.0440270768332,-0.3195167008803908,0.0285649292368333,-0.0340835525607541,
57.40000000334112,34.01975495109103,-0.2732778817992615,0.0283665993904321,-0.0396655252704048,
57.50000000334694,33.99688216683875,-0.2428274295980151,0.0283310861664342,-0.0343141761489807,
57.60000000335276,33.9686933947774,-0.2651342207555076,0.0283189451598278,-0.0163814030003601,
57.70000000335858,33.93403615376167,-0.3261177244403284,0.0283728344636838,0.017733292393557,
57.8000000033644,33.9116648263655,-0.2789928721146052,0.028573419586495,0.0413719987520201,
57.900000003370224,33.889783701502644,-0.237206032186621,0.0287740047093062,0.0407279961608893,
58.00000000337605,33.86695022736828,-0.234716308491913,0.0288736235767994,0.0426969331937008,
58.100000003381865,33.83248098635662,-0.3031585911995706,0.0289598228488361,0.0470445508624229,
58.200000003387686,33.812217505586595,-0.2733689936354935,0.0290247368930712,0.0525556234748226,
58.30000000339351,33.79930054296386,-0.1680674605028923,0.0290547588198714,0.0430327246122956,
58.40000000339933,33.780354818460225,-0.1834126985479676,0.0290847807466717,0.0227682205814099,
58.50000000340515,33.757681598402485,-0.2016742202898086,0.0293706381977754,0.0071023505345523,
58.60000000341097,33.743540576043834,-0.1469499039846267,0.0296900781790673,0.0147116631846285,
58.70000000341679,33.726691575726825,-0.1402324227388768,0.0300054201793852,-0.0386807739617043,
58.80000000342261,33.705432052229725,-0.1963381951074297,0.030314135921458,-0.082000860518402,
58.90000000342843,33.68358029543148,-0.221889608181946,0.0306228516635308,-0.0717765912941178,
59.00000000343425,33.68204992606456,-0.0857082286441616,0.0306977864487653,-0.0691628939417661,
59.10000000344007,33.65254380453192,-0.2018835988051651,0.0307423941588237,-0.0648948700518093,
59.20000000344589,33.62852351219305,-0.2385085731502278,0.0306082286774945,-0.0751881196749854,
59.300000003451714,33.616263169660286,-0.1702358556751227,0.0301915207934777,-0.0750612077589797,
59.400000003457535,33.60414012406345,-0.1207084610116957,0.0297748129094609,-0.0873657436653601,
59.50000000346336,33.58862406224565,-0.1265589441267094,0.0295551698899215,-0.0688847671462826,
59.60000000346918,33.56098958147437,-0.2110654256846131,0.0293607528350032,-0.0504424411050979,
59.700000003475,33.55107686305891,-0.1545901570404566,0.0292305767984717,-0.0548008268026084,
59.80000000348082,33.55056074535388,-0.0464518571693256,0.0292033247902723,-0.0554923116563547,
